00b29192-a6e2-4421-be63-a721e4128044|7|7|[[-61.0,7.0],[-118.0,-40.0],[-90.0,-15.0],[30.0,41.0],[45.0,22.0],[-33.0,-26.0],[-4.0,-27.0],[-48.0,0.0],[45.0,77.0],[89.0,83.0],[16.0,-15.0],[-24.0,-76.0],[11.0,-51.0],[14.0,-59.0],[52.0,-20.0],[20.0,-74.0],[-16.0,-75.0],[-18.0,-11.0],[-57.0,104.0],[-111.0,149.0],[-91.0,66.0],[-9.0,108.0],[-43.0,110.0],[-26.0,63.0],[-44.0,38.0],[12.0,-37.0],[106.0,-98.0],[21.0,-48.0],[-2.0,-24.0],[75.0,-65.0],[79.0,-72.0],[97.0,-5.0],[53.0,46.0],[-58.0,28.0],[-29.0,48.0],[106.0,-36.0],[-37.0,-1.0],[-109.0,-9.0],[-54.0,-31.0],[-39.0,52.0],[-58.0,152.0],[-39.0,71.0],[-33.0,-50.0],[54.0,-19.0],[26.0,66.0],[-3.0,18.0],[105.0,-89.0],[188.0,-77.0],[104.0,28.0]]
ac69728e-d914-41cc-9dba-39b29727abe4|7|7|[[84.0,-62.0],[-10.0,-29.0],[-122.0,42.0],[-68.0,44.0],[-43.0,-29.0],[-51.0,-17.0],[-4.0,86.0],[-53.0,-40.0],[-8.0,-74.0],[70.0,-45.0],[72.0,-3.0],[-18.0,65.0],[-44.0,44.0],[32.0,-79.0],[2.0,8.0],[-140.0,27.0],[-133.0,48.0],[-10.0,7.0],[117.0,-20.0],[152.0,-8.0],[63.0,-12.0],[-39.0,-56.0],[15.0,55.0],[23.0,-5.0],[-64.0,-116.0],[-114.0,-100.0],[-134.0,-92.0],[-144.0,-127.0],[5.0,94.0],[10.0,35.0],[-39.0,76.0],[-63.0,146.0],[-16.0,99.0],[-22.0,93.0],[-87.0,158.0],[5.0,-54.0],[-19.0,42.0],[43.0,71.0],[69.0,38.0],[58.0,6.0],[117.0,11.0],[134.0,32.0],[15.0,28.0],[84.0,-6.0],[98.0,-76.0],[19.0,-75.0],[-96.0,-63.0],[-138.0,-94.0],[-78.0,-60.0]]
5916fa70-26a0-4d1c-83ef-610edae822fe|7|7|[[-40.0,24.0],[-26.0,-27.0],[-15.0,-26.0],[-32.0,-9.0],[-68.0,12.0],[-54.0,41.0],[5.0,22.0],[-23.0,-14.0],[-14.0,-10.0],[5.0,-1.0],[-39.0,24.0],[-50.0,71.0],[44.0,48.0],[63.0,-16.0],[-29.0,-45.0],[-21.0,-48.0],[-35.0,-40.0],[-48.0,19.0],[-16.0,71.0],[17.0,-5.0],[-9.0,-48.0],[-20.0,-21.0],[-26.0,-14.0],[-37.0,3.0],[-18.0,27.0],[0.0,24.0],[-20.0,-1.0],[-28.0,18.0],[33.0,-2.0],[41.0,9.0],[34.0,5.0],[36.0,-2.0],[-6.0,4.0],[-19.0,15.0],[7.0,7.0],[30.0,-15.0],[47.0,-16.0],[52.0,-5.0],[26.0,-12.0],[5.0,16.0],[23.0,37.0],[3.0,3.0],[-16.0,-1.0],[6.0,-7.0],[56.0,-13.0],[12.0,0.0],[-11.0,23.0],[28.0,9.0],[7.0,-41.0]]
140c6c86-8e0e-451f-a6e5-68e948cabbea|7|7|[[-4.0,-72.0],[28.0,58.0],[42.0,56.0],[-8.0,-33.0],[-34.0,-26.0],[9.0,11.0],[17.0,-18.0],[-5.0,26.0],[23.0,-68.0],[3.0,-57.0],[7.0,53.0],[36.0,67.0],[37.0,-16.0],[33.0,-48.0],[-27.0,-1.0],[-20.0,30.0],[10.0,12.0],[43.0,-60.0],[50.0,-73.0],[8.0,-34.0],[-49.0,-23.0],[17.0,-4.0],[-10.0,-13.0],[-30.0,-1.0],[-52.0,20.0],[-60.0,4.0],[-42.0,-21.0],[-8.0,-10.0],[-13.0,10.0],[28.0,33.0],[32.0,27.0],[1.0,15.0],[-22.0,4.0],[-41.0,5.0],[-66.0,0.0],[-10.0,43.0],[5.0,-36.0],[15.0,-54.0],[34.0,16.0],[27.0,76.0],[17.0,79.0],[29.0,77.0],[68.0,-34.0],[8.0,-10.0],[-27.0,7.0],[0.0,-8.0],[48.0,-21.0],[38.0,-39.0],[-1.0,-66.0]]
a0a3a353-fce6-4eb8-b684-e467a9c24d50|7|7|[[-39.0,62.0],[10.0,11.0],[39.0,-2.0],[29.0,-22.0],[41.0,-44.0],[77.0,28.0],[35.0,109.0],[-1.0,-41.0],[-54.0,-43.0],[-39.0,-38.0],[13.0,-26.0],[12.0,-21.0],[-4.0,-58.0],[32.0,-85.0],[-58.0,57.0],[-62.0,81.0],[-67.0,55.0],[-59.0,-13.0],[-20.0,-43.0],[-7.0,-18.0],[-29.0,12.0],[44.0,17.0],[80.0,32.0],[79.0,6.0],[24.0,-7.0],[-19.0,15.0],[-12.0,37.0],[15.0,10.0],[-3.0,17.0],[-10.0,-4.0],[-47.0,20.0],[-52.0,18.0],[-20.0,-14.0],[-14.0,-3.0],[-37.0,15.0],[30.0,-6.0],[10.0,-17.0],[35.0,-18.0],[21.0,-4.0],[0.0,-3.0],[53.0,-10.0],[85.0,0.0],[-11.0,-24.0],[13.0,52.0],[8.0,54.0],[-17.0,6.0],[-26.0,7.0],[-30.0,3.0],[-45.0,-21.0]]
b38793be-da58-467b-b982-7808ac3a0581|7|7|[[25.0,0.0],[37.0,-39.0],[0.0,-20.0],[-15.0,2.0],[46.0,0.0],[62.0,16.0],[-30.0,20.0],[13.0,-30.0],[-10.0,-35.0],[-9.0,13.0],[7.0,33.0],[7.0,-26.0],[1.0,-59.0],[-7.0,16.0],[-22.0,-12.0],[-29.0,-18.0],[-4.0,-10.0],[30.0,0.0],[-1.0,0.0],[-41.0,7.0],[-7.0,4.0],[-9.0,2.0],[-8.0,25.0],[-24.0,-4.0],[-20.0,-31.0],[-11.0,-7.0],[-7.0,3.0],[-14.0,-3.0],[-34.0,-3.0],[37.0,-9.0],[-11.0,-1.0],[-34.0,14.0],[0.0,19.0],[-33.0,2.0],[-6.0,-4.0],[-38.0,31.0],[14.0,-12.0],[18.0,22.0],[18.0,15.0],[33.0,-18.0],[-7.0,5.0],[-16.0,-56.0],[20.0,45.0],[39.0,0.0],[59.0,-37.0],[47.0,-17.0],[8.0,-5.0],[-41.0,-11.0],[-106.0,-16.0]]
6d620561-c8ee-42fc-a100-c8eedc5da0d2|7|7|[[-11.0,-26.0],[14.0,-48.0],[18.0,-15.0],[-43.0,19.0],[-83.0,34.0],[-21.0,2.0],[20.0,-32.0],[-63.0,-40.0],[-68.0,-34.0],[-35.0,-1.0],[6.0,9.0],[20.0,-22.0],[-15.0,4.0],[-35.0,53.0],[-24.0,45.0],[-12.0,19.0],[25.0,2.0],[-9.0,-16.0],[-42.0,-40.0],[32.0,-65.0],[69.0,-46.0],[9.0,-4.0],[-34.0,0.0],[-53.0,-14.0],[-62.0,45.0],[-68.0,106.0],[-78.0,56.0],[-36.0,-4.0],[-45.0,38.0],[-2.0,49.0],[16.0,58.0],[75.0,83.0],[98.0,60.0],[37.0,8.0],[-16.0,-27.0],[34.0,20.0],[0.0,-7.0],[22.0,-7.0],[63.0,-53.0],[35.0,-77.0],[-3.0,-16.0],[-9.0,42.0],[5.0,12.0],[11.0,31.0],[20.0,-5.0],[-9.0,-18.0],[-12.0,46.0],[7.0,51.0],[1.0,-15.0]]
f60a72b5-6516-4011-bf0e-98baedc727fa|7|7|[[88.0,-24.0],[10.0,-27.0],[25.0,-23.0],[-30.0,-75.0],[-110.0,-12.0],[28.0,56.0],[190.0,7.0],[23.0,-56.0],[-2.0,3.0],[4.0,-16.0],[-97.0,-1.0],[-102.0,74.0],[2.0,59.0],[-10.0,-73.0],[8.0,6.0],[49.0,21.0],[18.0,7.0],[-37.0,61.0],[9.0,61.0],[15.0,73.0],[-82.0,89.0],[2.0,0.0],[32.0,-56.0],[24.0,-58.0],[0.0,21.0],[28.0,-34.0],[72.0,-7.0],[49.0,100.0],[-62.0,32.0],[-85.0,-42.0],[-70.0,-88.0],[-6.0,-12.0],[5.0,-27.0],[28.0,-59.0],[79.0,19.0],[-31.0,55.0],[-57.0,55.0],[-98.0,-1.0],[-21.0,-18.0],[43.0,-19.0],[45.0,-46.0],[116.0,-15.0],[-45.0,-15.0],[10.0,-16.0],[-10.0,-7.0],[22.0,-31.0],[59.0,-33.0],[26.0,-46.0],[57.0,-86.0]]
5a895074-5898-4125-8938-76d375b263d2|7|7|[[-42.0,17.0],[-2.0,1.0],[33.0,-26.0],[1.0,15.0],[-42.0,61.0],[-35.0,44.0],[14.0,19.0],[34.0,19.0],[-14.0,25.0],[-44.0,25.0],[2.0,-11.0],[51.0,-21.0],[54.0,-5.0],[30.0,-9.0],[-13.0,-17.0],[30.0,-11.0],[36.0,7.0],[-13.0,52.0],[-27.0,65.0],[-5.0,17.0],[11.0,-36.0],[-17.0,-9.0],[11.0,-14.0],[18.0,-37.0],[42.0,-38.0],[72.0,-2.0],[26.0,-1.0],[-60.0,-31.0],[10.0,36.0],[-36.0,-38.0],[-58.0,-1.0],[-6.0,55.0],[40.0,-12.0],[13.0,-27.0],[-4.0,59.0],[3.0,2.0],[-4.0,55.0],[27.0,32.0],[46.0,-56.0],[26.0,-49.0],[22.0,11.0],[6.0,5.0],[8.0,-21.0],[13.0,-25.0],[-9.0,0.0],[-22.0,-6.0],[-13.0,-65.0],[1.0,-65.0],[42.0,-2.0]]
06735a27-1445-4ff2-9b96-6101979b82ee|7|7|[[-42.0,-2.0],[-34.0,-22.0],[-51.0,-5.0],[-40.0,4.0],[-7.0,-29.0],[-35.0,-32.0],[-65.0,6.0],[-18.0,9.0],[-32.0,0.0],[-64.0,30.0],[-32.0,23.0],[-4.0,19.0],[-14.0,46.0],[31.0,32.0],[7.0,-9.0],[-23.0,26.0],[-27.0,33.0],[8.0,-3.0],[35.0,-4.0],[55.0,9.0],[39.0,-34.0],[10.0,-23.0],[13.0,35.0],[-43.0,21.0],[-35.0,-20.0],[8.0,-6.0],[39.0,-12.0],[30.0,-21.0],[-11.0,-20.0],[-11.0,27.0],[-37.0,34.0],[-12.0,4.0],[31.0,-5.0],[58.0,-26.0],[39.0,-29.0],[-17.0,9.0],[-1.0,30.0],[-38.0,-16.0],[-43.0,-66.0],[-14.0,-38.0],[-10.0,-24.0],[-4.0,-14.0],[25.0,-10.0],[13.0,-26.0],[-66.0,-26.0],[-116.0,-24.0],[-57.0,1.0],[-28.0,68.0],[-20.0,44.0]]
c8a3b258-0fe6-4c57-8cd3-1e264d3648a7|7|7|[[52.0,-9.0],[-5.0,64.0],[-85.0,86.0],[-74.0,-61.0],[-59.0,-214.0],[-55.0,-144.0],[-1.0,-27.0],[-124.0,49.0],[-14.0,-47.0],[65.0,-136.0],[21.0,-44.0],[-2.0,87.0],[1.0,83.0],[-53.0,28.0],[130.0,83.0],[-9.0,71.0],[-109.0,59.0],[-74.0,14.0],[-6.0,-77.0],[74.0,-84.0],[134.0,41.0],[21.0,-46.0],[40.0,26.0],[76.0,16.0],[60.0,2.0],[-28.0,8.0],[-63.0,-88.0],[-14.0,-193.0],[24.0,-86.0],[40.0,-45.0],[-96.0,16.0],[-120.0,-23.0],[-22.0,-38.0],[-49.0,19.0],[-109.0,27.0],[-33.0,75.0],[-36.0,-10.0],[32.0,5.0],[5.0,120.0],[-72.0,90.0],[-92.0,-14.0],[-53.0,35.0],[-53.0,-146.0],[-22.0,6.0],[41.0,96.0],[91.0,31.0],[33.0,6.0],[-18.0,67.0],[25.0,11.0]]
e2fcb65e-c08c-4502-a418-59cf9044d6fe|7|7|[[-1.0,24.0],[-12.0,12.0],[-33.0,15.0],[3.0,-9.0],[38.0,-19.0],[53.0,-43.0],[56.0,-34.0],[19.0,-9.0],[10.0,8.0],[1.0,63.0],[-15.0,22.0],[-2.0,-19.0],[11.0,-35.0],[16.0,-55.0],[-16.0,-21.0],[12.0,4.0],[25.0,36.0],[-7.0,17.0],[-31.0,4.0],[-26.0,-15.0],[-18.0,-37.0],[-18.0,9.0],[-4.0,8.0],[12.0,19.0],[-5.0,11.0],[-12.0,21.0],[-7.0,19.0],[-15.0,-6.0],[18.0,4.0],[4.0,10.0],[9.0,-9.0],[4.0,-15.0],[13.0,1.0],[31.0,-12.0],[11.0,-19.0],[24.0,-5.0],[-5.0,-14.0],[-19.0,-18.0],[-24.0,-20.0],[19.0,-25.0],[36.0,-63.0],[22.0,-76.0],[55.0,1.0],[4.0,1.0],[-15.0,-11.0],[-27.0,10.0],[-7.0,-5.0],[-12.0,-91.0],[-21.0,-133.0]]
4031088d-199e-413e-8829-50d1ceffe37a|7|7|[[-15.0,-12.0],[-17.0,13.0],[9.0,26.0],[37.0,-15.0],[56.0,-6.0],[75.0,17.0],[35.0,-44.0],[-44.0,-35.0],[-29.0,-17.0],[-8.0,-12.0],[-5.0,-25.0],[8.0,-33.0],[-16.0,0.0],[-74.0,59.0],[-23.0,15.0],[-17.0,9.0],[7.0,-8.0],[5.0,-2.0],[21.0,-15.0],[64.0,-23.0],[67.0,21.0],[-5.0,66.0],[12.0,78.0],[-14.0,21.0],[-43.0,-37.0],[-56.0,-78.0],[-31.0,-91.0],[19.0,-66.0],[58.0,-46.0],[59.0,-60.0],[14.0,-5.0],[-4.0,63.0],[-39.0,76.0],[-87.0,43.0],[-66.0,7.0],[-43.0,-17.0],[-50.0,-20.0],[-16.0,-16.0],[16.0,-27.0],[36.0,-15.0],[40.0,17.0],[13.0,36.0],[-29.0,24.0],[-26.0,34.0],[-8.0,51.0],[-1.0,32.0],[-21.0,-4.0],[-21.0,-7.0],[27.0,-7.0]]
bd9554ac-b794-4442-a3f9-59acc62ae694|7|7|[[56.0,41.0],[2.0,46.0],[-18.0,11.0],[16.0,25.0],[18.0,31.0],[2.0,49.0],[7.0,57.0],[57.0,-26.0],[61.0,38.0],[23.0,58.0],[18.0,20.0],[17.0,-4.0],[46.0,22.0],[67.0,46.0],[-3.0,-26.0],[7.0,-23.0],[32.0,13.0],[32.0,16.0],[-8.0,12.0],[-3.0,13.0],[29.0,-1.0],[-2.0,-16.0],[-25.0,7.0],[0.0,10.0],[36.0,-17.0],[26.0,24.0],[16.0,46.0],[10.0,10.0],[2.0,-7.0],[-1.0,-1.0],[-2.0,0.0],[-2.0,-30.0],[34.0,-22.0],[46.0,0.0],[15.0,0.0],[15.0,-16.0],[-9.0,-20.0],[-10.0,-9.0],[-17.0,-18.0],[11.0,-57.0],[55.0,-36.0],[41.0,2.0],[-29.0,-19.0],[-36.0,-22.0],[-18.0,-10.0],[-30.0,-11.0],[-30.0,-78.0],[24.0,-101.0],[53.0,-69.0]]
215a02d9-0c60-4a1e-b7c7-a07dd0c21f53|7|7|[[17.0,60.0],[24.0,35.0],[-1.0,24.0],[-36.0,24.0],[-40.0,28.0],[0.0,43.0],[40.0,51.0],[-5.0,-22.0],[-18.0,-20.0],[0.0,6.0],[44.0,34.0],[67.0,21.0],[34.0,-27.0],[5.0,-43.0],[54.0,15.0],[59.0,13.0],[59.0,-26.0],[19.0,-35.0],[-45.0,-15.0],[-51.0,-28.0],[-7.0,-67.0],[-3.0,-45.0],[-19.0,-34.0],[-54.0,-43.0],[-5.0,-51.0],[52.0,1.0],[-4.0,69.0],[-72.0,56.0],[-33.0,7.0],[-4.0,-6.0],[-25.0,30.0],[-53.0,26.0],[8.0,-7.0],[75.0,8.0],[22.0,33.0],[29.0,0.0],[19.0,-26.0],[33.0,5.0],[32.0,23.0],[-6.0,-51.0],[1.0,-93.0],[47.0,-28.0],[-25.0,3.0],[-84.0,-7.0],[-42.0,-23.0],[2.0,-49.0],[-23.0,-14.0],[-60.0,30.0],[-53.0,13.0]]
7313e302-f95a-489b-8cfd-c20fecfcfb75|7|7|[[0.0,53.0],[-20.0,51.0],[3.0,21.0],[11.0,-6.0],[-27.0,-7.0],[-12.0,3.0],[-24.0,-10.0],[34.0,22.0],[33.0,30.0],[-7.0,9.0],[-30.0,6.0],[-23.0,32.0],[15.0,19.0],[26.0,8.0],[12.0,1.0],[9.0,-8.0],[-17.0,24.0],[-7.0,35.0],[11.0,11.0],[7.0,-8.0],[13.0,-13.0],[2.0,1.0],[2.0,5.0],[9.0,12.0],[-4.0,4.0],[-32.0,5.0],[-31.0,-5.0],[-8.0,-10.0],[-3.0,-9.0],[8.0,-16.0],[9.0,-20.0],[-5.0,8.0],[4.0,45.0],[4.0,21.0],[0.0,1.0],[-3.0,-18.0],[-1.0,-19.0],[-5.0,-32.0],[7.0,-12.0],[29.0,6.0],[27.0,-13.0],[18.0,-6.0],[9.0,-21.0],[7.0,-16.0],[-31.0,-4.0],[-12.0,29.0],[28.0,52.0],[10.0,22.0],[0.0,7.0]]
a62d0a02-b244-4490-beb9-dab793312d5f|7|7|[[-34.0,150.0],[-13.0,79.0],[-62.0,61.0],[-42.0,52.0],[3.0,55.0],[-41.0,79.0],[-42.0,63.0],[93.0,-48.0],[41.0,-18.0],[72.0,-25.0],[118.0,-97.0],[76.0,-58.0],[79.0,35.0],[97.0,-41.0],[20.0,-55.0],[40.0,-79.0],[-9.0,-35.0],[-69.0,0.0],[7.0,-22.0],[82.0,-55.0],[2.0,-13.0],[-116.0,-25.0],[-119.0,-5.0],[-48.0,-52.0],[-70.0,-92.0],[-142.0,-96.0],[-104.0,-79.0],[-11.0,1.0],[15.0,101.0],[1.0,57.0],[-54.0,39.0],[-8.0,143.0],[51.0,216.0],[8.0,108.0],[0.0,-62.0],[59.0,-46.0],[31.0,-11.0],[-4.0,32.0],[28.0,-15.0],[118.0,-90.0],[127.0,-60.0],[9.0,22.0],[-103.0,21.0],[-104.0,64.0],[-36.0,37.0],[-2.0,-34.0],[-83.0,-87.0],[-150.0,-86.0],[-68.0,-30.0]]
b8b956df-7dc3-4e2d-9c43-f57b065475bb|7|7|[[11.0,-32.0],[-4.0,-31.0],[-22.0,-14.0],[17.0,-18.0],[47.0,-35.0],[27.0,0.0],[6.0,19.0],[-9.0,-25.0],[-20.0,12.0],[-40.0,38.0],[-15.0,-23.0],[20.0,-55.0],[31.0,-5.0],[19.0,15.0],[-7.0,-4.0],[12.0,32.0],[-6.0,44.0],[-19.0,-24.0],[17.0,-41.0],[13.0,-15.0],[-23.0,-26.0],[-10.0,-9.0],[1.0,-16.0],[-14.0,13.0],[-43.0,-16.0],[-4.0,-50.0],[-11.0,-23.0],[-49.0,8.0],[-15.0,2.0],[-46.0,-14.0],[-13.0,-6.0],[-11.0,25.0],[-8.0,0.0],[-25.0,-35.0],[-16.0,-16.0],[15.0,0.0],[-7.0,1.0],[-7.0,-27.0],[12.0,-13.0],[14.0,-26.0],[-39.0,-36.0],[-28.0,-38.0],[2.0,-19.0],[23.0,-21.0],[10.0,-9.0],[-54.0,-1.0],[-70.0,-1.0],[-8.0,17.0],[9.0,-30.0]]
2ecefc2e-6ea0-4da3-92c4-dd06a0bfa8ae|7|7|[[-119.0,110.0],[-28.0,64.0],[-9.0,95.0],[-55.0,118.0],[-42.0,1.0],[-42.0,-62.0],[-65.0,-37.0],[138.0,2.0],[66.0,33.0],[-29.0,7.0],[-39.0,-45.0],[-60.0,8.0],[-34.0,82.0],[41.0,52.0],[-33.0,-66.0],[-36.0,-19.0],[-26.0,75.0],[7.0,141.0],[114.0,104.0],[125.0,11.0],[13.0,-29.0],[16.0,19.0],[130.0,5.0],[89.0,60.0],[-17.0,40.0],[-82.0,-56.0],[-85.0,-72.0],[-26.0,-62.0],[2.0,-10.0],[-82.0,-53.0],[22.0,16.0],[149.0,84.0],[130.0,63.0],[40.0,64.0],[-72.0,71.0],[-49.0,-28.0],[0.0,-16.0],[103.0,-23.0],[80.0,-52.0],[-24.0,-80.0],[-9.0,-60.0],[33.0,27.0],[65.0,99.0],[6.0,64.0],[-19.0,-52.0],[-28.0,-79.0],[-71.0,19.0],[-60.0,57.0],[27.0,20.0]]
85b9cbe8-f3ac-4fef-af72-efdb6964e2cd|7|7|[[8.0,-3.0],[-3.0,25.0],[-2.0,39.0],[-6.0,46.0],[-21.0,48.0],[10.0,26.0],[43.0,-2.0],[-4.0,-8.0],[3.0,3.0],[0.0,7.0],[24.0,10.0],[14.0,14.0],[1.0,1.0],[27.0,-15.0],[-2.0,-11.0],[-5.0,2.0],[-29.0,23.0],[-18.0,10.0],[-11.0,11.0],[-9.0,25.0],[21.0,6.0],[-16.0,-9.0],[-25.0,4.0],[-18.0,39.0],[5.0,37.0],[2.0,14.0],[1.0,17.0],[17.0,20.0],[4.0,17.0],[-11.0,31.0],[-10.0,33.0],[26.0,3.0],[31.0,-15.0],[4.0,-5.0],[10.0,30.0],[38.0,2.0],[30.0,-9.0],[2.0,10.0],[8.0,-16.0],[23.0,-70.0],[-7.0,-54.0],[-12.0,2.0],[48.0,4.0],[28.0,-25.0],[-10.0,-14.0],[-27.0,-6.0],[-45.0,-40.0],[-57.0,-44.0],[-46.0,-1.0]]
9e9a7ce3-c916-494e-8b1a-122c8d858c44|7|7|[[53.0,41.0],[42.0,8.0],[-28.0,-100.0],[-77.0,-179.0],[-43.0,-150.0],[69.0,-45.0],[119.0,29.0],[-26.0,-187.0],[-20.0,-144.0],[-62.0,68.0],[-72.0,206.0],[-37.0,157.0],[-69.0,9.0],[-130.0,-84.0],[-67.0,146.0],[-149.0,68.0],[-74.0,24.0],[14.0,-26.0],[49.0,-43.0],[77.0,36.0],[60.0,86.0],[83.0,-52.0],[101.0,51.0],[127.0,100.0],[86.0,105.0],[21.0,36.0],[12.0,-46.0],[-7.0,21.0],[-61.0,-62.0],[-39.0,-32.0],[-28.0,-19.0],[-58.0,-22.0],[-92.0,-9.0],[-77.0,1.0],[35.0,-5.0],[15.0,37.0],[32.0,8.0],[87.0,27.0],[143.0,128.0],[153.0,157.0],[130.0,68.0],[77.0,-9.0],[-49.0,-72.0],[0.0,-76.0],[71.0,-94.0],[113.0,-128.0],[47.0,-157.0],[-52.0,-156.0],[-33.0,-106.0]]
a0f0c5be-c7da-4888-a97b-08f3e593f114|7|7|[[-6.0,11.0],[0.0,28.0],[15.0,15.0],[26.0,-1.0],[39.0,6.0],[16.0,-2.0],[-5.0,-13.0],[28.0,24.0],[43.0,26.0],[30.0,-10.0],[5.0,-35.0],[30.0,-22.0],[44.0,2.0],[-3.0,8.0],[8.0,6.0],[21.0,-3.0],[3.0,-23.0],[7.0,-2.0],[49.0,-3.0],[57.0,-43.0],[33.0,-26.0],[3.0,10.0],[5.0,6.0],[-5.0,-7.0],[26.0,9.0],[37.0,6.0],[-2.0,-25.0],[4.0,-27.0],[17.0,-14.0],[43.0,-13.0],[22.0,-6.0],[10.0,28.0],[25.0,41.0],[23.0,30.0],[23.0,19.0],[25.0,-15.0],[49.0,-47.0],[25.0,-30.0],[0.0,11.0],[13.0,8.0],[21.0,6.0],[13.0,7.0],[18.0,-22.0],[0.0,-47.0],[-20.0,-47.0],[-48.0,-38.0],[-29.0,-3.0],[-5.0,31.0],[-33.0,11.0]]
62cc1a14-c230-4e35-989f-d5f51b9d1d65|7|7|[[7.0,-43.0],[28.0,-58.0],[2.0,1.0],[-21.0,47.0],[29.0,9.0],[43.0,-13.0],[-16.0,30.0],[-65.0,22.0],[-67.0,4.0],[-49.0,-13.0],[-7.0,-3.0],[0.0,-21.0],[-21.0,-32.0],[-25.0,-8.0],[34.0,59.0],[22.0,27.0],[3.0,37.0],[13.0,29.0],[-14.0,-18.0],[-32.0,4.0],[12.0,74.0],[-13.0,-44.0],[-1.0,-17.0],[42.0,6.0],[19.0,-16.0],[-27.0,3.0],[-5.0,25.0],[12.0,-12.0],[-24.0,53.0],[-13.0,13.0],[-15.0,-29.0],[-1.0,17.0],[14.0,61.0],[19.0,31.0],[38.0,31.0],[17.0,31.0],[-11.0,-12.0],[-11.0,-17.0],[17.0,-19.0],[34.0,-18.0],[4.0,-6.0],[-15.0,-1.0],[34.0,11.0],[-9.0,50.0],[-20.0,49.0],[15.0,11.0],[28.0,-6.0],[32.0,11.0],[80.0,4.0]]
f343127f-d192-4489-a3ac-833f81c5acb6|7|7|[[4.0,-22.0],[-25.0,-4.0],[-37.0,-31.0],[-102.0,-14.0],[-72.0,8.0],[16.0,-33.0],[-11.0,46.0],[17.0,-7.0],[11.0,-27.0],[6.0,-26.0],[8.0,49.0],[8.0,70.0],[-13.0,0.0],[-2.0,1.0],[-1.0,-26.0],[-7.0,-36.0],[9.0,-51.0],[65.0,-23.0],[34.0,24.0],[0.0,0.0],[20.0,-57.0],[-7.0,2.0],[0.0,0.0],[-8.0,0.0],[21.0,0.0],[20.0,44.0],[-9.0,13.0],[-7.0,-67.0],[9.0,-38.0],[3.0,-38.0],[-13.0,27.0],[-4.0,13.0],[42.0,0.0],[18.0,18.0],[-14.0,-46.0],[-20.0,-45.0],[-74.0,-40.0],[-38.0,15.0],[-42.0,-2.0],[0.0,-57.0],[18.0,-50.0],[-86.0,-72.0],[29.0,-59.0],[-108.0,-3.0],[-118.0,-44.0],[-62.0,-61.0],[-47.0,-95.0],[-78.0,-111.0],[-133.0,10.0]]
40f919a5-87c1-4001-b63c-164ed840e453|7|7|[[35.0,-36.0],[0.0,26.0],[6.0,57.0],[11.0,25.0],[-31.0,-4.0],[-61.0,-21.0],[-29.0,-20.0],[-38.0,-19.0],[-31.0,-33.0],[-20.0,-27.0],[-12.0,19.0],[1.0,73.0],[21.0,54.0],[11.0,-12.0],[27.0,16.0],[19.0,26.0],[24.0,31.0],[69.0,6.0],[77.0,-20.0],[15.0,-10.0],[-9.0,7.0],[-3.0,-16.0],[-20.0,-16.0],[-1.0,-22.0],[-20.0,-50.0],[-32.0,-49.0],[13.0,-33.0],[1.0,-13.0],[-1.0,-2.0],[2.0,16.0],[12.0,0.0],[13.0,-1.0],[7.0,18.0],[-6.0,8.0],[17.0,-1.0],[5.0,-21.0],[-8.0,6.0],[-27.0,-7.0],[-15.0,-23.0],[-8.0,-21.0],[-33.0,-24.0],[-35.0,-32.0],[-27.0,-4.0],[16.0,-9.0],[10.0,-3.0],[-28.0,-26.0],[-22.0,-10.0],[10.0,46.0],[7.0,35.0]]
ce7e4f7f-64a2-4acb-90f8-439041481733|7|7|[[33.0,-3.0],[-12.0,34.0],[-29.0,-3.0],[-51.0,-98.0],[-92.0,-70.0],[-52.0,30.0],[27.0,68.0],[-36.0,-103.0],[1.0,-26.0],[23.0,28.0],[10.0,86.0],[45.0,114.0],[120.0,60.0],[136.0,-22.0],[-6.0,50.0],[47.0,-18.0],[-6.0,-5.0],[-71.0,38.0],[-38.0,-32.0],[-45.0,-151.0],[-153.0,-142.0],[-17.0,36.0],[-50.0,21.0],[52.0,57.0],[168.0,59.0],[85.0,69.0],[-51.0,127.0],[-9.0,126.0],[59.0,-35.0],[89.0,-65.0],[49.0,-123.0],[-17.0,-108.0],[29.0,-59.0],[66.0,-22.0],[-4.0,28.0],[5.0,17.0],[-81.0,0.0],[-58.0,33.0],[7.0,51.0],[0.0,-7.0],[-5.0,-22.0],[7.0,-4.0],[25.0,-75.0],[45.0,-35.0],[44.0,-44.0],[66.0,-70.0],[15.0,-27.0],[-30.0,68.0],[40.0,126.0]]
11c60eea-9d18-4030-ab0a-6be4c42221da|7|7|[[-11.0,-78.0],[-18.0,-31.0],[-5.0,25.0],[-14.0,16.0],[-56.0,0.0],[-50.0,25.0],[-7.0,38.0],[-77.0,32.0],[-47.0,13.0],[1.0,-24.0],[26.0,-29.0],[49.0,4.0],[92.0,21.0],[110.0,2.0],[16.0,16.0],[-9.0,40.0],[-34.0,34.0],[-9.0,38.0],[17.0,33.0],[5.0,-31.0],[-13.0,-77.0],[-4.0,17.0],[12.0,1.0],[25.0,8.0],[11.0,-14.0],[-12.0,-28.0],[-41.0,9.0],[-56.0,34.0],[0.0,13.0],[-10.0,31.0],[20.0,7.0],[82.0,4.0],[83.0,13.0],[57.0,12.0],[70.0,-4.0],[26.0,-5.0],[40.0,5.0],[-4.0,-26.0],[-56.0,-113.0],[-38.0,-72.0],[4.0,6.0],[-11.0,-24.0],[-28.0,-13.0],[-28.0,-25.0],[-16.0,9.0],[-37.0,42.0],[-4.0,1.0],[36.0,-47.0],[-8.0,-39.0]]
6c568bed-ae6e-4e8c-beb7-427ffa4505e6|7|7|[[46.0,-27.0],[54.0,65.0],[27.0,133.0],[26.0,127.0],[28.0,74.0],[-65.0,23.0],[-156.0,3.0],[-4.0,-18.0],[24.0,-25.0],[116.0,2.0],[129.0,-25.0],[21.0,-28.0],[-15.0,76.0],[27.0,121.0],[-23.0,-33.0],[-13.0,-83.0],[-20.0,-180.0],[-13.0,-154.0],[47.0,-28.0],[90.0,5.0],[80.0,2.0],[-2.0,38.0],[-14.0,53.0],[-62.0,103.0],[-80.0,68.0],[-33.0,-26.0],[-23.0,-45.0],[-65.0,-52.0],[-18.0,-1.0],[-36.0,-46.0],[-11.0,-49.0],[-35.0,7.0],[-54.0,49.0],[3.0,78.0],[41.0,119.0],[67.0,35.0],[3.0,39.0],[18.0,20.0],[98.0,52.0],[101.0,5.0],[58.0,-66.0],[36.0,-19.0],[7.0,-70.0],[22.0,20.0],[-13.0,14.0],[7.0,-56.0],[10.0,-31.0],[27.0,-4.0],[105.0,-36.0]]
8548b5d1-79fe-4681-b8cf-68f0e3c8192f|7|7|[[-1.0,-34.0],[-6.0,27.0],[-16.0,19.0],[-42.0,-58.0],[-44.0,-42.0],[7.0,53.0],[57.0,85.0],[-65.0,28.0],[-11.0,-47.0],[30.0,-56.0],[-8.0,-53.0],[-17.0,-31.0],[36.0,-37.0],[16.0,-103.0],[-7.0,53.0],[-6.0,112.0],[-63.0,86.0],[-92.0,46.0],[2.0,34.0],[25.0,36.0],[-43.0,85.0],[27.0,39.0],[19.0,-53.0],[37.0,-36.0],[-14.0,-14.0],[-92.0,-73.0],[-66.0,-54.0],[11.0,4.0],[47.0,-40.0],[-12.0,-2.0],[-65.0,36.0],[-59.0,91.0],[24.0,119.0],[116.0,95.0],[115.0,55.0],[-40.0,56.0],[7.0,102.0],[63.0,88.0],[26.0,71.0],[-32.0,11.0],[13.0,-110.0],[54.0,-149.0],[88.0,-28.0],[61.0,-76.0],[14.0,-34.0],[56.0,53.0],[95.0,34.0],[-10.0,-60.0],[-98.0,-68.0]]
8ecd1176-7e3f-49ec-957d-79e3eae25e5d|7|7|[[-11.0,-2.0],[3.0,-26.0],[40.0,-20.0],[101.0,5.0],[47.0,-12.0],[-65.0,-34.0],[-25.0,-9.0],[37.0,3.0],[-77.0,-13.0],[-113.0,-20.0],[-53.0,-25.0],[51.0,21.0],[152.0,50.0],[94.0,-44.0],[-75.0,-2.0],[-32.0,49.0],[-28.0,42.0],[-39.0,-44.0],[-6.0,-173.0],[-23.0,-191.0],[-58.0,-45.0],[101.0,91.0],[39.0,85.0],[27.0,83.0],[31.0,92.0],[-68.0,68.0],[-113.0,32.0],[-53.0,-3.0],[46.0,-148.0],[77.0,-50.0],[45.0,42.0],[12.0,37.0],[-15.0,21.0],[-12.0,29.0],[39.0,51.0],[-109.0,0.0],[-51.0,-30.0],[40.0,-89.0],[55.0,-100.0],[17.0,-16.0],[-5.0,-5.0],[-20.0,-107.0],[11.0,20.0],[18.0,27.0],[-24.0,59.0],[-34.0,48.0],[1.0,51.0],[-44.0,87.0],[-113.0,103.0]]
c34ea288-9c21-419e-8c61-1ce2ed801314|7|7|[[57.0,160.0],[103.0,44.0],[56.0,-111.0],[42.0,-117.0],[57.0,-97.0],[-8.0,-56.0],[-107.0,44.0],[62.0,-41.0],[-4.0,-62.0],[-50.0,-8.0],[-16.0,65.0],[-35.0,107.0],[-25.0,46.0],[55.0,0.0],[77.0,-60.0],[-26.0,-6.0],[-55.0,61.0],[32.0,-24.0],[89.0,-80.0],[25.0,16.0],[-10.0,57.0],[-87.0,23.0],[60.0,56.0],[119.0,-1.0],[-8.0,-42.0],[-87.0,-18.0],[-32.0,-32.0],[-6.0,-53.0],[72.0,-80.0],[10.0,-125.0],[-54.0,-70.0],[-57.0,10.0],[30.0,56.0],[55.0,59.0],[1.0,14.0],[-93.0,40.0],[-89.0,-14.0],[-2.0,-13.0],[68.0,33.0],[34.0,-52.0],[-18.0,-98.0],[-30.0,18.0],[49.0,22.0],[-28.0,36.0],[-97.0,2.0],[-66.0,-55.0],[-46.0,-1.0],[-78.0,79.0],[-47.0,63.0]]
3f1ffed8-01b7-48b8-b3ce-5487ee3a95f6|7|7|[[4.0,-18.0],[-13.0,12.0],[-29.0,9.0],[-21.0,38.0],[17.0,52.0],[17.0,15.0],[12.0,-29.0],[-18.0,-1.0],[5.0,20.0],[20.0,33.0],[36.0,24.0],[46.0,6.0],[40.0,-4.0],[33.0,-31.0],[5.0,18.0],[23.0,-8.0],[34.0,1.0],[30.0,-4.0],[11.0,-15.0],[-22.0,-5.0],[-17.0,-34.0],[-19.0,-9.0],[0.0,-26.0],[47.0,-3.0],[28.0,-6.0],[-10.0,0.0],[-4.0,45.0],[-4.0,37.0],[-28.0,26.0],[20.0,-21.0],[33.0,-42.0],[13.0,-17.0],[15.0,-5.0],[17.0,-15.0],[27.0,-9.0],[0.0,21.0],[3.0,-42.0],[-16.0,-29.0],[-1.0,-4.0],[-6.0,-31.0],[-32.0,-38.0],[-20.0,-26.0],[28.0,13.0],[2.0,7.0],[-29.0,0.0],[-6.0,2.0],[-21.0,19.0],[-32.0,2.0],[-3.0,-12.0]]
fdc960e8-1cc2-4692-9c73-e442ebd146f7|7|7|[[31.0,58.0],[72.0,29.0],[-18.0,9.0],[-61.0,-18.0],[-20.0,4.0],[-57.0,4.0],[-46.0,-65.0],[51.0,36.0],[56.0,-11.0],[19.0,18.0],[-25.0,49.0],[-32.0,36.0],[-34.0,32.0],[-11.0,7.0],[37.0,20.0],[19.0,36.0],[-30.0,35.0],[-21.0,24.0],[25.0,28.0],[60.0,65.0],[49.0,21.0],[28.0,-57.0],[21.0,17.0],[-18.0,101.0],[-15.0,79.0],[24.0,5.0],[92.0,-16.0],[56.0,31.0],[-57.0,-62.0],[-41.0,-8.0],[-9.0,16.0],[34.0,0.0],[39.0,-4.0],[59.0,-28.0],[107.0,-1.0],[-93.0,10.0],[-74.0,-9.0],[-113.0,-21.0],[-74.0,-22.0],[20.0,-26.0],[40.0,-91.0],[34.0,-151.0],[-69.0,106.0],[-51.0,23.0],[-63.0,34.0],[-1.0,60.0],[22.0,7.0],[-67.0,-59.0],[-92.0,-93.0]]
7b87119c-394e-4130-a534-e4ef4570f75b|7|7|[[-42.0,-2.0],[-34.0,-22.0],[-51.0,-5.0],[-40.0,4.0],[-7.0,-29.0],[-35.0,-32.0],[-65.0,6.0],[-18.0,9.0],[-32.0,0.0],[-64.0,30.0],[-32.0,23.0],[-4.0,19.0],[-14.0,46.0],[31.0,32.0],[7.0,-9.0],[-23.0,26.0],[-27.0,33.0],[8.0,-3.0],[35.0,-4.0],[55.0,9.0],[39.0,-34.0],[10.0,-23.0],[13.0,35.0],[-43.0,21.0],[-35.0,-20.0],[8.0,-6.0],[39.0,-12.0],[30.0,-21.0],[-11.0,-20.0],[-11.0,27.0],[-37.0,34.0],[-12.0,4.0],[31.0,-5.0],[58.0,-26.0],[39.0,-29.0],[-17.0,9.0],[-1.0,30.0],[-38.0,-16.0],[-43.0,-66.0],[-14.0,-38.0],[-10.0,-24.0],[-4.0,-14.0],[25.0,-10.0],[13.0,-26.0],[-66.0,-26.0],[-116.0,-24.0],[-57.0,1.0],[-28.0,68.0],[-20.0,44.0]]
2007e992-1b70-4be4-a9ea-21c6ff634c73|7|7|[[52.0,-9.0],[-5.0,64.0],[-85.0,86.0],[-74.0,-61.0],[-59.0,-214.0],[-55.0,-144.0],[-1.0,-27.0],[-124.0,49.0],[-14.0,-47.0],[65.0,-136.0],[21.0,-44.0],[-2.0,87.0],[1.0,83.0],[-53.0,28.0],[130.0,83.0],[-9.0,71.0],[-109.0,59.0],[-74.0,14.0],[-6.0,-77.0],[74.0,-84.0],[134.0,41.0],[21.0,-46.0],[40.0,26.0],[76.0,16.0],[60.0,2.0],[-28.0,8.0],[-63.0,-88.0],[-14.0,-193.0],[24.0,-86.0],[40.0,-45.0],[-96.0,16.0],[-120.0,-23.0],[-22.0,-38.0],[-49.0,19.0],[-109.0,27.0],[-33.0,75.0],[-36.0,-10.0],[32.0,5.0],[5.0,120.0],[-72.0,90.0],[-92.0,-14.0],[-53.0,35.0],[-53.0,-146.0],[-22.0,6.0],[41.0,96.0],[91.0,31.0],[33.0,6.0],[-18.0,67.0],[25.0,11.0]]
79b474d7-6a9b-4c3e-b32f-a768fd4d3725|7|7|[[-1.0,24.0],[-12.0,12.0],[-33.0,15.0],[3.0,-9.0],[38.0,-19.0],[53.0,-43.0],[56.0,-34.0],[19.0,-9.0],[10.0,8.0],[1.0,63.0],[-15.0,22.0],[-2.0,-19.0],[11.0,-35.0],[16.0,-55.0],[-16.0,-21.0],[12.0,4.0],[25.0,36.0],[-7.0,17.0],[-31.0,4.0],[-26.0,-15.0],[-18.0,-37.0],[-18.0,9.0],[-4.0,8.0],[12.0,19.0],[-5.0,11.0],[-12.0,21.0],[-7.0,19.0],[-15.0,-6.0],[18.0,4.0],[4.0,10.0],[9.0,-9.0],[4.0,-15.0],[13.0,1.0],[31.0,-12.0],[11.0,-19.0],[24.0,-5.0],[-5.0,-14.0],[-19.0,-18.0],[-24.0,-20.0],[19.0,-25.0],[36.0,-63.0],[22.0,-76.0],[55.0,1.0],[4.0,1.0],[-15.0,-11.0],[-27.0,10.0],[-7.0,-5.0],[-12.0,-91.0],[-21.0,-133.0]]
5b5b8ac6-de32-4604-8297-acd544380be4|7|7|[[-15.0,-12.0],[-17.0,13.0],[9.0,26.0],[37.0,-15.0],[56.0,-6.0],[75.0,17.0],[35.0,-44.0],[-44.0,-35.0],[-29.0,-17.0],[-8.0,-12.0],[-5.0,-25.0],[8.0,-33.0],[-16.0,0.0],[-74.0,59.0],[-23.0,15.0],[-17.0,9.0],[7.0,-8.0],[5.0,-2.0],[21.0,-15.0],[64.0,-23.0],[67.0,21.0],[-5.0,66.0],[12.0,78.0],[-14.0,21.0],[-43.0,-37.0],[-56.0,-78.0],[-31.0,-91.0],[19.0,-66.0],[58.0,-46.0],[59.0,-60.0],[14.0,-5.0],[-4.0,63.0],[-39.0,76.0],[-87.0,43.0],[-66.0,7.0],[-43.0,-17.0],[-50.0,-20.0],[-16.0,-16.0],[16.0,-27.0],[36.0,-15.0],[40.0,17.0],[13.0,36.0],[-29.0,24.0],[-26.0,34.0],[-8.0,51.0],[-1.0,32.0],[-21.0,-4.0],[-21.0,-7.0],[27.0,-7.0]]
2a5b5a68-ca83-4bbb-b874-7db411b98c4d|7|7|[[56.0,41.0],[2.0,46.0],[-18.0,11.0],[16.0,25.0],[18.0,31.0],[2.0,49.0],[7.0,57.0],[57.0,-26.0],[61.0,38.0],[23.0,58.0],[18.0,20.0],[17.0,-4.0],[46.0,22.0],[67.0,46.0],[-3.0,-26.0],[7.0,-23.0],[32.0,13.0],[32.0,16.0],[-8.0,12.0],[-3.0,13.0],[29.0,-1.0],[-2.0,-16.0],[-25.0,7.0],[0.0,10.0],[36.0,-17.0],[26.0,24.0],[16.0,46.0],[10.0,10.0],[2.0,-7.0],[-1.0,-1.0],[-2.0,0.0],[-2.0,-30.0],[34.0,-22.0],[46.0,0.0],[15.0,0.0],[15.0,-16.0],[-9.0,-20.0],[-10.0,-9.0],[-17.0,-18.0],[11.0,-57.0],[55.0,-36.0],[41.0,2.0],[-29.0,-19.0],[-36.0,-22.0],[-18.0,-10.0],[-30.0,-11.0],[-30.0,-78.0],[24.0,-101.0],[53.0,-69.0]]
17f4f521-43dd-4cee-a623-92d77a35f0cc|7|7|[[17.0,60.0],[24.0,35.0],[-1.0,24.0],[-36.0,24.0],[-40.0,28.0],[0.0,43.0],[40.0,51.0],[-5.0,-22.0],[-18.0,-20.0],[0.0,6.0],[44.0,34.0],[67.0,21.0],[34.0,-27.0],[5.0,-43.0],[54.0,15.0],[59.0,13.0],[59.0,-26.0],[19.0,-35.0],[-45.0,-15.0],[-51.0,-28.0],[-7.0,-67.0],[-3.0,-45.0],[-19.0,-34.0],[-54.0,-43.0],[-5.0,-51.0],[52.0,1.0],[-4.0,69.0],[-72.0,56.0],[-33.0,7.0],[-4.0,-6.0],[-25.0,30.0],[-53.0,26.0],[8.0,-7.0],[75.0,8.0],[22.0,33.0],[29.0,0.0],[19.0,-26.0],[33.0,5.0],[32.0,23.0],[-6.0,-51.0],[1.0,-93.0],[47.0,-28.0],[-25.0,3.0],[-84.0,-7.0],[-42.0,-23.0],[2.0,-49.0],[-23.0,-14.0],[-60.0,30.0],[-53.0,13.0]]
bdf16f56-4b02-4f87-80ec-925fda5ef9cd|7|7|[[0.0,53.0],[-20.0,51.0],[3.0,21.0],[11.0,-6.0],[-27.0,-7.0],[-12.0,3.0],[-24.0,-10.0],[34.0,22.0],[33.0,30.0],[-7.0,9.0],[-30.0,6.0],[-23.0,32.0],[15.0,19.0],[26.0,8.0],[12.0,1.0],[9.0,-8.0],[-17.0,24.0],[-7.0,35.0],[11.0,11.0],[7.0,-8.0],[13.0,-13.0],[2.0,1.0],[2.0,5.0],[9.0,12.0],[-4.0,4.0],[-32.0,5.0],[-31.0,-5.0],[-8.0,-10.0],[-3.0,-9.0],[8.0,-16.0],[9.0,-20.0],[-5.0,8.0],[4.0,45.0],[4.0,21.0],[0.0,1.0],[-3.0,-18.0],[-1.0,-19.0],[-5.0,-32.0],[7.0,-12.0],[29.0,6.0],[27.0,-13.0],[18.0,-6.0],[9.0,-21.0],[7.0,-16.0],[-31.0,-4.0],[-12.0,29.0],[28.0,52.0],[10.0,22.0],[0.0,7.0]]
db637c86-173a-4fd4-a4a2-0d6f3f16782f|7|7|[[-34.0,150.0],[-13.0,79.0],[-62.0,61.0],[-42.0,52.0],[3.0,55.0],[-41.0,79.0],[-42.0,63.0],[93.0,-48.0],[41.0,-18.0],[72.0,-25.0],[118.0,-97.0],[76.0,-58.0],[79.0,35.0],[97.0,-41.0],[20.0,-55.0],[40.0,-79.0],[-9.0,-35.0],[-69.0,0.0],[7.0,-22.0],[82.0,-55.0],[2.0,-13.0],[-116.0,-25.0],[-119.0,-5.0],[-48.0,-52.0],[-70.0,-92.0],[-142.0,-96.0],[-104.0,-79.0],[-11.0,1.0],[15.0,101.0],[1.0,57.0],[-54.0,39.0],[-8.0,143.0],[51.0,216.0],[8.0,108.0],[0.0,-62.0],[59.0,-46.0],[31.0,-11.0],[-4.0,32.0],[28.0,-15.0],[118.0,-90.0],[127.0,-60.0],[9.0,22.0],[-103.0,21.0],[-104.0,64.0],[-36.0,37.0],[-2.0,-34.0],[-83.0,-87.0],[-150.0,-86.0],[-68.0,-30.0]]
60d62d77-8e2a-4c1a-99a3-8ae3b16e0bb2|7|7|[[11.0,-32.0],[-4.0,-31.0],[-22.0,-14.0],[17.0,-18.0],[47.0,-35.0],[27.0,0.0],[6.0,19.0],[-9.0,-25.0],[-20.0,12.0],[-40.0,38.0],[-15.0,-23.0],[20.0,-55.0],[31.0,-5.0],[19.0,15.0],[-7.0,-4.0],[12.0,32.0],[-6.0,44.0],[-19.0,-24.0],[17.0,-41.0],[13.0,-15.0],[-23.0,-26.0],[-10.0,-9.0],[1.0,-16.0],[-14.0,13.0],[-43.0,-16.0],[-4.0,-50.0],[-11.0,-23.0],[-49.0,8.0],[-15.0,2.0],[-46.0,-14.0],[-13.0,-6.0],[-11.0,25.0],[-8.0,0.0],[-25.0,-35.0],[-16.0,-16.0],[15.0,0.0],[-7.0,1.0],[-7.0,-27.0],[12.0,-13.0],[14.0,-26.0],[-39.0,-36.0],[-28.0,-38.0],[2.0,-19.0],[23.0,-21.0],[10.0,-9.0],[-54.0,-1.0],[-70.0,-1.0],[-8.0,17.0],[9.0,-30.0]]
32b31594-362e-434a-9983-4b4c969ca1dd|7|7|[[-119.0,110.0],[-28.0,64.0],[-9.0,95.0],[-55.0,118.0],[-42.0,1.0],[-42.0,-62.0],[-65.0,-37.0],[138.0,2.0],[66.0,33.0],[-29.0,7.0],[-39.0,-45.0],[-60.0,8.0],[-34.0,82.0],[41.0,52.0],[-33.0,-66.0],[-36.0,-19.0],[-26.0,75.0],[7.0,141.0],[114.0,104.0],[125.0,11.0],[13.0,-29.0],[16.0,19.0],[130.0,5.0],[89.0,60.0],[-17.0,40.0],[-82.0,-56.0],[-85.0,-72.0],[-26.0,-62.0],[2.0,-10.0],[-82.0,-53.0],[22.0,16.0],[149.0,84.0],[130.0,63.0],[40.0,64.0],[-72.0,71.0],[-49.0,-28.0],[0.0,-16.0],[103.0,-23.0],[80.0,-52.0],[-24.0,-80.0],[-9.0,-60.0],[33.0,27.0],[65.0,99.0],[6.0,64.0],[-19.0,-52.0],[-28.0,-79.0],[-71.0,19.0],[-60.0,57.0],[27.0,20.0]]
a344cc8b-7771-4cfb-85af-b9deace38cc0|7|7|[[8.0,-3.0],[-3.0,25.0],[-2.0,39.0],[-6.0,46.0],[-21.0,48.0],[10.0,26.0],[43.0,-2.0],[-4.0,-8.0],[3.0,3.0],[0.0,7.0],[24.0,10.0],[14.0,14.0],[1.0,1.0],[27.0,-15.0],[-2.0,-11.0],[-5.0,2.0],[-29.0,23.0],[-18.0,10.0],[-11.0,11.0],[-9.0,25.0],[21.0,6.0],[-16.0,-9.0],[-25.0,4.0],[-18.0,39.0],[5.0,37.0],[2.0,14.0],[1.0,17.0],[17.0,20.0],[4.0,17.0],[-11.0,31.0],[-10.0,33.0],[26.0,3.0],[31.0,-15.0],[4.0,-5.0],[10.0,30.0],[38.0,2.0],[30.0,-9.0],[2.0,10.0],[8.0,-16.0],[23.0,-70.0],[-7.0,-54.0],[-12.0,2.0],[48.0,4.0],[28.0,-25.0],[-10.0,-14.0],[-27.0,-6.0],[-45.0,-40.0],[-57.0,-44.0],[-46.0,-1.0]]
1f6dc21a-6c19-4631-97b1-013601a37316|7|7|[[53.0,41.0],[42.0,8.0],[-28.0,-100.0],[-77.0,-179.0],[-43.0,-150.0],[69.0,-45.0],[119.0,29.0],[-26.0,-187.0],[-20.0,-144.0],[-62.0,68.0],[-72.0,206.0],[-37.0,157.0],[-69.0,9.0],[-130.0,-84.0],[-67.0,146.0],[-149.0,68.0],[-74.0,24.0],[14.0,-26.0],[49.0,-43.0],[77.0,36.0],[60.0,86.0],[83.0,-52.0],[101.0,51.0],[127.0,100.0],[86.0,105.0],[21.0,36.0],[12.0,-46.0],[-7.0,21.0],[-61.0,-62.0],[-39.0,-32.0],[-28.0,-19.0],[-58.0,-22.0],[-92.0,-9.0],[-77.0,1.0],[35.0,-5.0],[15.0,37.0],[32.0,8.0],[87.0,27.0],[143.0,128.0],[153.0,157.0],[130.0,68.0],[77.0,-9.0],[-49.0,-72.0],[0.0,-76.0],[71.0,-94.0],[113.0,-128.0],[47.0,-157.0],[-52.0,-156.0],[-33.0,-106.0]]
c9e25581-ac46-48fb-bcb4-04481a0b7f41|7|7|[[-6.0,11.0],[0.0,28.0],[15.0,15.0],[26.0,-1.0],[39.0,6.0],[16.0,-2.0],[-5.0,-13.0],[28.0,24.0],[43.0,26.0],[30.0,-10.0],[5.0,-35.0],[30.0,-22.0],[44.0,2.0],[-3.0,8.0],[8.0,6.0],[21.0,-3.0],[3.0,-23.0],[7.0,-2.0],[49.0,-3.0],[57.0,-43.0],[33.0,-26.0],[3.0,10.0],[5.0,6.0],[-5.0,-7.0],[26.0,9.0],[37.0,6.0],[-2.0,-25.0],[4.0,-27.0],[17.0,-14.0],[43.0,-13.0],[22.0,-6.0],[10.0,28.0],[25.0,41.0],[23.0,30.0],[23.0,19.0],[25.0,-15.0],[49.0,-47.0],[25.0,-30.0],[0.0,11.0],[13.0,8.0],[21.0,6.0],[13.0,7.0],[18.0,-22.0],[0.0,-47.0],[-20.0,-47.0],[-48.0,-38.0],[-29.0,-3.0],[-5.0,31.0],[-33.0,11.0]]
4c680e02-0f4a-4c9b-8ac3-7f5b096d81cc|7|7|[[7.0,-43.0],[28.0,-58.0],[2.0,1.0],[-21.0,47.0],[29.0,9.0],[43.0,-13.0],[-16.0,30.0],[-65.0,22.0],[-67.0,4.0],[-49.0,-13.0],[-7.0,-3.0],[0.0,-21.0],[-21.0,-32.0],[-25.0,-8.0],[34.0,59.0],[22.0,27.0],[3.0,37.0],[13.0,29.0],[-14.0,-18.0],[-32.0,4.0],[12.0,74.0],[-13.0,-44.0],[-1.0,-17.0],[42.0,6.0],[19.0,-16.0],[-27.0,3.0],[-5.0,25.0],[12.0,-12.0],[-24.0,53.0],[-13.0,13.0],[-15.0,-29.0],[-1.0,17.0],[14.0,61.0],[19.0,31.0],[38.0,31.0],[17.0,31.0],[-11.0,-12.0],[-11.0,-17.0],[17.0,-19.0],[34.0,-18.0],[4.0,-6.0],[-15.0,-1.0],[34.0,11.0],[-9.0,50.0],[-20.0,49.0],[15.0,11.0],[28.0,-6.0],[32.0,11.0],[80.0,4.0]]
8edf9e9b-a3f5-4692-b328-ff93b6ffcb40|7|7|[[4.0,-22.0],[-25.0,-4.0],[-37.0,-31.0],[-102.0,-14.0],[-72.0,8.0],[16.0,-33.0],[-11.0,46.0],[17.0,-7.0],[11.0,-27.0],[6.0,-26.0],[8.0,49.0],[8.0,70.0],[-13.0,0.0],[-2.0,1.0],[-1.0,-26.0],[-7.0,-36.0],[9.0,-51.0],[65.0,-23.0],[34.0,24.0],[0.0,0.0],[20.0,-57.0],[-7.0,2.0],[0.0,0.0],[-8.0,0.0],[21.0,0.0],[20.0,44.0],[-9.0,13.0],[-7.0,-67.0],[9.0,-38.0],[3.0,-38.0],[-13.0,27.0],[-4.0,13.0],[42.0,0.0],[18.0,18.0],[-14.0,-46.0],[-20.0,-45.0],[-74.0,-40.0],[-38.0,15.0],[-42.0,-2.0],[0.0,-57.0],[18.0,-50.0],[-86.0,-72.0],[29.0,-59.0],[-108.0,-3.0],[-118.0,-44.0],[-62.0,-61.0],[-47.0,-95.0],[-78.0,-111.0],[-133.0,10.0]]
6cf5efa3-6c17-48f2-9074-521873dbc2ec|7|7|[[35.0,-36.0],[0.0,26.0],[6.0,57.0],[11.0,25.0],[-31.0,-4.0],[-61.0,-21.0],[-29.0,-20.0],[-38.0,-19.0],[-31.0,-33.0],[-20.0,-27.0],[-12.0,19.0],[1.0,73.0],[21.0,54.0],[11.0,-12.0],[27.0,16.0],[19.0,26.0],[24.0,31.0],[69.0,6.0],[77.0,-20.0],[15.0,-10.0],[-9.0,7.0],[-3.0,-16.0],[-20.0,-16.0],[-1.0,-22.0],[-20.0,-50.0],[-32.0,-49.0],[13.0,-33.0],[1.0,-13.0],[-1.0,-2.0],[2.0,16.0],[12.0,0.0],[13.0,-1.0],[7.0,18.0],[-6.0,8.0],[17.0,-1.0],[5.0,-21.0],[-8.0,6.0],[-27.0,-7.0],[-15.0,-23.0],[-8.0,-21.0],[-33.0,-24.0],[-35.0,-32.0],[-27.0,-4.0],[16.0,-9.0],[10.0,-3.0],[-28.0,-26.0],[-22.0,-10.0],[10.0,46.0],[7.0,35.0]]
eec22c6d-8c74-4cc9-8698-2a87a8e459f6|7|7|[[33.0,-3.0],[-12.0,34.0],[-29.0,-3.0],[-51.0,-98.0],[-92.0,-70.0],[-52.0,30.0],[27.0,68.0],[-36.0,-103.0],[1.0,-26.0],[23.0,28.0],[10.0,86.0],[45.0,114.0],[120.0,60.0],[136.0,-22.0],[-6.0,50.0],[47.0,-18.0],[-6.0,-5.0],[-71.0,38.0],[-38.0,-32.0],[-45.0,-151.0],[-153.0,-142.0],[-17.0,36.0],[-50.0,21.0],[52.0,57.0],[168.0,59.0],[85.0,69.0],[-51.0,127.0],[-9.0,126.0],[59.0,-35.0],[89.0,-65.0],[49.0,-123.0],[-17.0,-108.0],[29.0,-59.0],[66.0,-22.0],[-4.0,28.0],[5.0,17.0],[-81.0,0.0],[-58.0,33.0],[7.0,51.0],[0.0,-7.0],[-5.0,-22.0],[7.0,-4.0],[25.0,-75.0],[45.0,-35.0],[44.0,-44.0],[66.0,-70.0],[15.0,-27.0],[-30.0,68.0],[40.0,126.0]]
7d946813-ac22-488b-abe8-0279f8ac6d9d|7|7|[[-11.0,-78.0],[-18.0,-31.0],[-5.0,25.0],[-14.0,16.0],[-56.0,0.0],[-50.0,25.0],[-7.0,38.0],[-77.0,32.0],[-47.0,13.0],[1.0,-24.0],[26.0,-29.0],[49.0,4.0],[92.0,21.0],[110.0,2.0],[16.0,16.0],[-9.0,40.0],[-34.0,34.0],[-9.0,38.0],[17.0,33.0],[5.0,-31.0],[-13.0,-77.0],[-4.0,17.0],[12.0,1.0],[25.0,8.0],[11.0,-14.0],[-12.0,-28.0],[-41.0,9.0],[-56.0,34.0],[0.0,13.0],[-10.0,31.0],[20.0,7.0],[82.0,4.0],[83.0,13.0],[57.0,12.0],[70.0,-4.0],[26.0,-5.0],[40.0,5.0],[-4.0,-26.0],[-56.0,-113.0],[-38.0,-72.0],[4.0,6.0],[-11.0,-24.0],[-28.0,-13.0],[-28.0,-25.0],[-16.0,9.0],[-37.0,42.0],[-4.0,1.0],[36.0,-47.0],[-8.0,-39.0]]
a73c83b5-746d-414b-99c2-0aff1fc167cf|7|7|[[46.0,-27.0],[54.0,65.0],[27.0,133.0],[26.0,127.0],[28.0,74.0],[-65.0,23.0],[-156.0,3.0],[-4.0,-18.0],[24.0,-25.0],[116.0,2.0],[129.0,-25.0],[21.0,-28.0],[-15.0,76.0],[27.0,121.0],[-23.0,-33.0],[-13.0,-83.0],[-20.0,-180.0],[-13.0,-154.0],[47.0,-28.0],[90.0,5.0],[80.0,2.0],[-2.0,38.0],[-14.0,53.0],[-62.0,103.0],[-80.0,68.0],[-33.0,-26.0],[-23.0,-45.0],[-65.0,-52.0],[-18.0,-1.0],[-36.0,-46.0],[-11.0,-49.0],[-35.0,7.0],[-54.0,49.0],[3.0,78.0],[41.0,119.0],[67.0,35.0],[3.0,39.0],[18.0,20.0],[98.0,52.0],[101.0,5.0],[58.0,-66.0],[36.0,-19.0],[7.0,-70.0],[22.0,20.0],[-13.0,14.0],[7.0,-56.0],[10.0,-31.0],[27.0,-4.0],[105.0,-36.0]]
e946dd91-5de7-465f-857e-8ff5b95e66b3|7|7|[[-1.0,-34.0],[-6.0,27.0],[-16.0,19.0],[-42.0,-58.0],[-44.0,-42.0],[7.0,53.0],[57.0,85.0],[-65.0,28.0],[-11.0,-47.0],[30.0,-56.0],[-8.0,-53.0],[-17.0,-31.0],[36.0,-37.0],[16.0,-103.0],[-7.0,53.0],[-6.0,112.0],[-63.0,86.0],[-92.0,46.0],[2.0,34.0],[25.0,36.0],[-43.0,85.0],[27.0,39.0],[19.0,-53.0],[37.0,-36.0],[-14.0,-14.0],[-92.0,-73.0],[-66.0,-54.0],[11.0,4.0],[47.0,-40.0],[-12.0,-2.0],[-65.0,36.0],[-59.0,91.0],[24.0,119.0],[116.0,95.0],[115.0,55.0],[-40.0,56.0],[7.0,102.0],[63.0,88.0],[26.0,71.0],[-32.0,11.0],[13.0,-110.0],[54.0,-149.0],[88.0,-28.0],[61.0,-76.0],[14.0,-34.0],[56.0,53.0],[95.0,34.0],[-10.0,-60.0],[-98.0,-68.0]]
afed2763-a74e-4735-84d9-ebb6ceb9b405|7|7|[[-11.0,-2.0],[3.0,-26.0],[40.0,-20.0],[101.0,5.0],[47.0,-12.0],[-65.0,-34.0],[-25.0,-9.0],[37.0,3.0],[-77.0,-13.0],[-113.0,-20.0],[-53.0,-25.0],[51.0,21.0],[152.0,50.0],[94.0,-44.0],[-75.0,-2.0],[-32.0,49.0],[-28.0,42.0],[-39.0,-44.0],[-6.0,-173.0],[-23.0,-191.0],[-58.0,-45.0],[101.0,91.0],[39.0,85.0],[27.0,83.0],[31.0,92.0],[-68.0,68.0],[-113.0,32.0],[-53.0,-3.0],[46.0,-148.0],[77.0,-50.0],[45.0,42.0],[12.0,37.0],[-15.0,21.0],[-12.0,29.0],[39.0,51.0],[-109.0,0.0],[-51.0,-30.0],[40.0,-89.0],[55.0,-100.0],[17.0,-16.0],[-5.0,-5.0],[-20.0,-107.0],[11.0,20.0],[18.0,27.0],[-24.0,59.0],[-34.0,48.0],[1.0,51.0],[-44.0,87.0],[-113.0,103.0]]
efb3641f-3e68-4e5f-8808-9d8f0f7e2522|7|7|[[57.0,160.0],[103.0,44.0],[56.0,-111.0],[42.0,-117.0],[57.0,-97.0],[-8.0,-56.0],[-107.0,44.0],[62.0,-41.0],[-4.0,-62.0],[-50.0,-8.0],[-16.0,65.0],[-35.0,107.0],[-25.0,46.0],[55.0,0.0],[77.0,-60.0],[-26.0,-6.0],[-55.0,61.0],[32.0,-24.0],[89.0,-80.0],[25.0,16.0],[-10.0,57.0],[-87.0,23.0],[60.0,56.0],[119.0,-1.0],[-8.0,-42.0],[-87.0,-18.0],[-32.0,-32.0],[-6.0,-53.0],[72.0,-80.0],[10.0,-125.0],[-54.0,-70.0],[-57.0,10.0],[30.0,56.0],[55.0,59.0],[1.0,14.0],[-93.0,40.0],[-89.0,-14.0],[-2.0,-13.0],[68.0,33.0],[34.0,-52.0],[-18.0,-98.0],[-30.0,18.0],[49.0,22.0],[-28.0,36.0],[-97.0,2.0],[-66.0,-55.0],[-46.0,-1.0],[-78.0,79.0],[-47.0,63.0]]
368b0f20-4a0a-4ad1-ad6d-c1170143cca6|7|7|[[4.0,-18.0],[-13.0,12.0],[-29.0,9.0],[-21.0,38.0],[17.0,52.0],[17.0,15.0],[12.0,-29.0],[-18.0,-1.0],[5.0,20.0],[20.0,33.0],[36.0,24.0],[46.0,6.0],[40.0,-4.0],[33.0,-31.0],[5.0,18.0],[23.0,-8.0],[34.0,1.0],[30.0,-4.0],[11.0,-15.0],[-22.0,-5.0],[-17.0,-34.0],[-19.0,-9.0],[0.0,-26.0],[47.0,-3.0],[28.0,-6.0],[-10.0,0.0],[-4.0,45.0],[-4.0,37.0],[-28.0,26.0],[20.0,-21.0],[33.0,-42.0],[13.0,-17.0],[15.0,-5.0],[17.0,-15.0],[27.0,-9.0],[0.0,21.0],[3.0,-42.0],[-16.0,-29.0],[-1.0,-4.0],[-6.0,-31.0],[-32.0,-38.0],[-20.0,-26.0],[28.0,13.0],[2.0,7.0],[-29.0,0.0],[-6.0,2.0],[-21.0,19.0],[-32.0,2.0],[-3.0,-12.0]]
877315f9-5af3-4839-87cd-4b6038ad02ef|7|7|[[31.0,58.0],[72.0,29.0],[-18.0,9.0],[-61.0,-18.0],[-20.0,4.0],[-57.0,4.0],[-46.0,-65.0],[51.0,36.0],[56.0,-11.0],[19.0,18.0],[-25.0,49.0],[-32.0,36.0],[-34.0,32.0],[-11.0,7.0],[37.0,20.0],[19.0,36.0],[-30.0,35.0],[-21.0,24.0],[25.0,28.0],[60.0,65.0],[49.0,21.0],[28.0,-57.0],[21.0,17.0],[-18.0,101.0],[-15.0,79.0],[24.0,5.0],[92.0,-16.0],[56.0,31.0],[-57.0,-62.0],[-41.0,-8.0],[-9.0,16.0],[34.0,0.0],[39.0,-4.0],[59.0,-28.0],[107.0,-1.0],[-93.0,10.0],[-74.0,-9.0],[-113.0,-21.0],[-74.0,-22.0],[20.0,-26.0],[40.0,-91.0],[34.0,-151.0],[-69.0,106.0],[-51.0,23.0],[-63.0,34.0],[-1.0,60.0],[22.0,7.0],[-67.0,-59.0],[-92.0,-93.0]]
