# morandi windows mask cache v1 — the echo mask of every committed 80x80 chip
# rule: intensity >= 0.3 * max(intensity) AND intensity >= 5.0 * np.median(intensity); min_n_masked=2
# crop: central [160:240, 160:240] of the 400x400 rect
# dedup: (track, date), first occurrence wins
# extractor: code/morandi/morandi_ocv_masks.py --extract
mid|track|segment|date|orbit|w|h|peak|median|max_masked|min_masked|ss_re|ss_im|ss_abs2|n_masked|peak_row|peak_col|n_components|largest_component|px
A_des:2016-08-24|A_des|A_des|2016-08-24|DESCENDING|80|80|1059676.9999999998|4761.5|1059676.9999999998|334552.9999999999|-684.0|-298.0|11929506.0|20|79|0|6|10|1,73;40,29;41,31;71,2;71,3;72,2;72,3;73,0;73,1;73,2;74,0;74,1;74,2;77,0;78,0;78,1;78,3;79,0;79,1;79,3
A_asc:2016-09-01|A_asc|A_asc|2016-09-01|ASCENDING|80|80|5911490.0|10953.5|5911490.0|1807186.0000000002|-10662.0|-5226.0|58113708.0|18|41|29|8|6|7,43;8,33;8,41;8,42;8,43;9,41;9,42;38,29;38,30;38,33;40,29;41,29;41,30;42,29;43,30;44,37;71,69;73,71
A_des:2016-09-05|A_des|A_des|2016-09-05|DESCENDING|80|80|1234929.9999999998|4720.999999999999|1234929.9999999998|413028.99999999994|-1080.0|-940.0|7251146.0|11|75|0|6|5|0,43;25,60;42,31;72,2;72,3;73,2;74,0;74,2;75,0;75,2;79,0
A_asc:2016-09-13|A_asc|A_asc|2016-09-13|ASCENDING|80|80|4737456.999999999|10652.5|4737456.999999999|1570464.9999999995|9806.0|-5312.0|56012330.0|19|41|29|7|12|7,42;8,24;36,33;37,28;37,29;38,28;38,29;39,29;40,28;40,29;41,28;41,29;42,28;43,29;43,36;44,29;44,36;71,68;72,70
A_des:2016-09-17|A_des|A_des|2016-09-17|DESCENDING|80|80|1890469.0000000005|4715.500000000001|1890469.0000000005|619021.0|152.0|-2190.0|9755600.0|9|72|3|1|9|71,2;71,3;72,0;72,2;72,3;73,0;73,2;74,0;74,1
A_asc:2016-09-25|A_asc|A_asc|2016-09-25|ASCENDING|80|80|5262548.000000001|10825.5|5262548.000000001|1728433.9999999998|9386.0|3978.0|52123232.0|18|41|29|6|12|9,42;37,33;38,28;38,29;39,28;39,29;40,29;41,28;41,29;42,28;42,29;43,28;44,29;44,36;45,29;45,36;72,68;73,70
A_des:2016-09-29|A_des|A_des|2016-09-29|DESCENDING|80|80|1041763.9999999997|4971.0|1041763.9999999997|331801.00000000006|-666.0|-28.0|5474268.0|11|71|2|10|2|24,60;34,77;40,29;41,31;71,2;72,2;72,5;74,0;77,0;78,3;79,0
A_des:2016-10-05|A_des|A_des|2016-10-05|DESCENDING|80|80|2733266.0000000005|5213.0|2733266.0000000005|927809.0000000001|2653.0|-2024.0|5871457.0|4|29|73|2|3|28,73;29,73;30,73;68,5
A_asc:2016-10-07|A_asc|A_asc|2016-10-07|ASCENDING|80|80|7063236.999999999|10456.5|7063236.999999999|2372065.0|9798.0|2588.0|34958072.0|8|39|29|3|4|39,29;39,30;40,29;40,30;42,29;42,30;43,29;45,37
A_des:2016-10-11|A_des|A_des|2016-10-11|DESCENDING|80|80|901092.9999999999|4504.999999999998|901092.9999999999|278594.00000000006|1882.0|707.0|9220303.0|22|71|2|12|3|0,43;24,60;25,60;35,78;36,78;40,29;40,51;41,30;41,31;41,51;71,2;71,5;72,2;72,3;73,0;74,0;74,2;74,52;75,3;77,3;78,3;79,0
A_asc:2016-10-13|A_asc|A_asc|2016-10-13|ASCENDING|80|80|12861605.000000002|12745.0|12861605.000000002|4509013.000000002|-3627.0|4872.0|53770873.0|7|48|29|2|6|44,29;45,29;46,29;47,29;47,32;48,28;48,29
A_des:2016-10-17|A_des|A_des|2016-10-17|DESCENDING|80|80|2438093.0000000005|5185.5|2438093.0000000005|769445.0000000002|-1536.0|192.0|14339724.0|12|73|14|4|6|67,5;67,6;68,5;68,6;72,14;73,13;73,14;74,13;74,14;75,7;75,14;79,10
A_asc:2016-10-19|A_asc|A_asc|2016-10-19|ASCENDING|80|80|7179736.999999998|11351.0|7179736.999999998|2174965.0|-5262.0|3612.0|49498228.0|13|41|29|4|10|8,42;36,34;37,29;37,30;38,29;38,30;39,30;40,29;40,30;41,29;42,29;43,30;43,37
A_des:2016-10-23|A_des|A_des|2016-10-23|DESCENDING|80|80|2343458.0|5165.000000000001|2343458.0|703250.0|1637.0|-2073.0|20242346.0|17|70|3|4|10|34,79;40,31;69,3;70,2;70,3;71,1;71,2;71,3;72,1;72,2;72,3;73,1;77,0;78,0;78,1;78,2;79,2
A_asc:2016-10-25|A_asc|A_asc|2016-10-25|ASCENDING|80|80|8996008.000000002|14525.999999999998|8996008.000000002|2729480.0|4150.0|-1867.0|62284597.0|12|47|29|6|5|13,42;14,42;28,48;29,48;44,29;46,29;46,30;47,29;47,30;48,29;50,29;50,37
A_des:2016-10-29|A_des|A_des|2016-10-29|DESCENDING|80|80|1798008.9999999998|4930.0|1798008.9999999998|541669.0000000001|554.0|502.0|15382644.0|18|68|6|7|6|26,72;43,43;68,6;69,6;73,0;73,14;74,0;74,7;74,9;74,14;75,7;75,9;75,14;76,7;76,8;76,13;76,14;79,15
A_asc:2016-10-31|A_asc|A_asc|2016-10-31|ASCENDING|80|80|8774209.999999998|10960.0|8774209.999999998|2652784.9999999995|-1405.0|7672.0|45235311.0|9|41|29|2|7|37,28;37,29;38,29;39,29;40,29;40,32;41,28;41,29;41,32
A_des:2016-11-04|A_des|A_des|2016-11-04|DESCENDING|80|80|2157588.0|5069.000000000001|2157588.0|759400.0|-1396.0|872.0|4740680.0|4|70|2|2|3|69,2;70,2;70,3;78,0
A_asc:2016-11-06|A_asc|A_asc|2016-11-06|ASCENDING|80|80|7412412.999999999|12081.0|7412412.999999999|2440224.999999999|-4076.0|-4573.0|46162935.0|9|13|42|2|6|13,41;13,42;14,42;43,29;44,29;45,29;46,29;47,28;47,29
A_asc:2016-11-12|A_asc|A_asc|2016-11-12|ASCENDING|80|80|8827347.999999998|10552.999999999996|8827347.999999998|2821504.999999999|2906.0|5649.0|78651641.0|16|40|29|4|9|7,41;8,41;8,42;36,33;37,28;37,29;38,28;38,29;39,29;39,32;40,28;40,29;40,32;41,28;41,29;41,32
A_des:2016-11-16|A_des|A_des|2016-11-16|DESCENDING|80|80|903050.0000000002|4505.000000000001|903050.0000000002|276056.9999999999|3046.0|-1034.0|11773456.0|26|71|3|8|11|24,61;35,79;36,79;39,29;40,29;40,30;41,31;64,0;71,2;71,3;72,2;72,3;73,0;73,1;73,2;73,52;74,1;74,2;74,3;74,52;75,3;77,3;78,3;78,4;79,0;79,1
A_asc:2016-11-18|A_asc|A_asc|2016-11-18|ASCENDING|80|80|6459945.999999998|11319.500000000002|6459945.999999998|1946595.9999999995|811.0|-7135.0|52047800.0|15|43|29|5|9|13,42;14,29;14,42;42,34;43,29;43,30;44,29;44,30;45,30;46,29;46,30;47,29;48,29;49,37;50,37
A_des:2016-11-22|A_des|A_des|2016-11-22|DESCENDING|80|80|7730218.0|10377.5|7730218.0|2610037.0000000005|-1108.0|6061.0|14185951.0|3|0|70|1|3|0,70;1,70;2,70
A_asc:2016-11-24|A_asc|A_asc|2016-11-24|ASCENDING|80|80|18392720.0|15247.999999999998|18392720.0|8777224.999999998|-1093.0|468.0|38112217.0|3|41|29|1|3|40,29;41,29;42,29
A_des:2016-11-28|A_des|A_des|2016-11-28|DESCENDING|80|80|1690397.0|5602.5|1690397.0|508660.00000000006|1200.0|1191.0|17484279.0|21|33|54|8|9|23,61;32,53;32,54;33,53;33,54;34,79;40,31;40,32;70,3;71,2;71,3;72,1;72,2;72,3;73,1;73,2;73,3;76,2;78,1;79,2;79,5
A_asc:2016-11-30|A_asc|A_asc|2016-11-30|ASCENDING|80|80|10112346.000000002|11971.5|10112346.000000002|4124233.0000000005|-6777.0|4343.0|66223758.0|11|46|29|2|10|13,42;42,29;43,29;43,30;44,29;44,30;45,29;45,30;46,29;46,30;47,29
A_des:2016-12-04|A_des|A_des|2016-12-04|DESCENDING|80|80|1695205.0000000002|5243.5|1695205.0000000002|514708.99999999994|1276.0|-1067.0|18466039.0|22|68|5|6|12|43,42;67,5;67,6;68,5;68,6;73,0;73,13;73,14;74,10;74,11;74,13;74,14;75,7;75,10;75,11;75,12;75,13;75,14;76,7;76,14;78,8;79,8
A_asc:2016-12-06|A_asc|A_asc|2016-12-06|ASCENDING|80|80|9632177.000000002|11664.5|9632177.000000002|3179717.000000001|4598.0|-4694.0|53154014.0|10|42|29|3|7|9,41;39,29;40,29;41,29;41,32;42,28;42,29;42,32;43,28;43,29
A_des:2016-12-10|A_des|A_des|2016-12-10|DESCENDING|80|80|2003732.0000000002|4879.999999999999|2003732.0000000002|601753.0|-98.0|-163.0|6808707.0|7|72|2|2|6|71,2;72,2;72,3;73,2;74,0;74,2;75,2
A_asc:2016-12-12|A_asc|A_asc|2016-12-12|ASCENDING|80|80|12331730.0|11714.5|12331730.0|5349033.999999999|4496.0|5182.0|33352488.0|4|43|29|2|2|43,29;44,29;46,29;47,29
A_des:2016-12-16|A_des|A_des|2016-12-16|DESCENDING|80|80|3526417.0|9521.5|3526417.0|1142088.9999999995|5994.0|681.0|12648697.0|6|0|69|2|5|0,67;0,69;0,70;1,70;2,69;2,70
A_asc:2016-12-18|A_asc|A_asc|2016-12-18|ASCENDING|80|80|8661802.0|10508.5|8661802.0|2672525.0|-2377.0|-4691.0|45864578.0|10|41|29|2|9|38,29;38,30;39,29;39,30;40,29;40,30;40,32;41,29;41,30;42,29
A_des:2016-12-22|A_des|A_des|2016-12-22|DESCENDING|80|80|1780970.0|5353.500000000001|1780970.0|548309.0|-497.0|-1493.0|11960498.0|13|72|2|5|7|35,79;40,31;41,31;70,3;71,2;71,3;72,2;72,3;73,2;73,3;77,3;77,4;78,0
A_asc:2016-12-24|A_asc|A_asc|2016-12-24|ASCENDING|80|80|6697044.999999999|11944.5|6697044.999999999|2178005.0000000005|-5472.0|-6393.0|62564623.0|14|46|30|5|9|12,43;14,29;42,29;43,29;43,30;44,30;45,29;45,30;45,33;46,29;46,30;46,33;47,29;49,37
A_des:2016-12-28|A_des|A_des|2016-12-28|DESCENDING|80|80|2607673.0|10699.0|2607673.0|798601.0|326.0|-2768.0|12732520.0|11|34|2|7|3|33,2;34,2;69,5;70,26;70,28;70,32;71,26;71,28;71,29;75,30;77,5
A_asc:2016-12-30|A_asc|A_asc|2016-12-30|ASCENDING|80|80|9097632.999999998|11049.0|9097632.999999998|3205633.9999999995|-2538.0|7893.0|54584257.0|9|40|29|2|7|37,28;37,29;38,29;39,29;40,29;40,32;41,28;41,29;41,32
A_des:2017-01-03|A_des|A_des|2017-01-03|DESCENDING|80|80|1358981.0|5248.999999999999|1358981.0|416925.00000000006|708.0|2631.0|10961333.0|16|71|2|7|5|24,60;35,78;39,29;40,29;70,2;71,2;71,3;72,3;73,0;73,1;74,0;74,2;74,3;77,3;78,0;79,0
A_asc:2017-01-05|A_asc|A_asc|2017-01-05|ASCENDING|80|80|10041698.000000002|11834.0|10041698.000000002|3035257.0|-1996.0|-6893.0|60263979.0|11|46|29|3|8|12,42;42,28;43,28;43,29;44,29;45,29;45,32;46,28;46,29;46,32;47,29
A_des:2017-01-09|A_des|A_des|2017-01-09|DESCENDING|80|80|1488289.9999999993|9425.000000000002|1488289.9999999993|459909.00000000006|1948.0|-4185.0|33101591.0|44|70|29|18|7|24,6;31,1;31,2;33,2;33,3;59,9;60,0;65,2;66,1;66,2;67,7;68,3;68,4;68,6;68,7;69,4;69,8;69,9;69,15;69,26;69,27;69,29;69,32;69,34;70,8;70,9;70,26;70,27;70,29;70,32;70,33;70,34;71,29;71,33;72,29;73,25;74,2;74,31;75,2;75,5;76,5;77,1;78,1;79,53
A_asc:2017-01-11|A_asc|A_asc|2017-01-11|ASCENDING|80|80|10756324.999999998|10658.499999999998|10756324.999999998|4257304.999999999|8021.0|-2480.0|55272857.0|8|41|29|2|6|38,28;38,29;39,29;40,29;41,29;41,32;42,29;42,32
A_des:2017-01-15|A_des|A_des|2017-01-15|DESCENDING|80|80|1018573.0|5107.999999999999|1018573.0|315412.99999999994|2297.0|782.0|7702995.0|15|72|2|5|7|24,60;25,60;36,78;40,28;40,29;41,29;41,30;70,3;71,2;72,1;72,2;73,1;73,2;74,2;79,3
A_asc:2017-01-17|A_asc|A_asc|2017-01-17|ASCENDING|80|80|8541425.0|11433.0|8541425.0|2981225.0000000005|7578.0|4452.0|64361144.0|13|46|30|2|10|42,29;43,29;43,30;44,30;45,29;45,30;45,33;46,29;46,30;46,33;47,29;47,30;47,33
A_asc:2017-01-23|A_asc|A_asc|2017-01-23|ASCENDING|80|80|8361209.0|10263.0|8361209.0|3000853.0|8975.0|4555.0|54344412.0|11|41|30|2|8|38,29;38,30;39,30;40,30;40,33;41,29;41,30;41,33;42,29;42,30;42,33
A_des:2017-01-27|A_des|A_des|2017-01-27|DESCENDING|80|80|1723828.0|5443.0|1723828.0|588595.9999999999|2596.0|510.0|8820736.0|10|71|2|5|6|24,60;35,78;41,31;71,2;72,2;73,1;73,2;74,1;74,2;79,0
A_asc:2017-01-29|A_asc|A_asc|2017-01-29|ASCENDING|80|80|9770765.000000002|11510.999999999998|9770765.000000002|3010057.0|-2864.0|-6016.0|63962258.0|12|46|30|3|9|12,43;42,29;43,29;43,30;44,30;45,30;45,33;46,29;46,30;46,33;47,29;47,30
A_asc:2017-02-04|A_asc|A_asc|2017-02-04|ASCENDING|80|80|8570098.0|12110.0|8570098.0|2639842.000000001|-987.0|-9207.0|63683374.0|13|41|29|4|8|7,42;8,42;10,28;38,29;39,29;40,29;41,28;41,29;41,32;42,28;42,29;42,32;43,28
A_des:2017-02-08|A_des|A_des|2017-02-08|DESCENDING|80|80|1470352.0|5512.0|1470352.0|455117.0|362.0|-1374.0|7718202.0|10|72|3|6|4|25,61;36,79;37,79;42,31;72,3;75,3;78,3;78,4;79,3;79,4
A_asc:2017-02-10|A_asc|A_asc|2017-02-10|ASCENDING|80|80|10094600.000000002|12510.0|10094600.000000002|3107061.0|-7022.0|2291.0|51346765.0|9|47|29|1|9|43,29;44,29;44,30;45,30;46,29;46,30;47,29;47,30;48,29
A_asc:2017-02-16|A_asc|A_asc|2017-02-16|ASCENDING|80|80|7543810.0|10906.5|7543810.0|2533945.0000000005|-1345.0|-2402.0|37457943.0|9|41|29|3|7|5,7;37,28;38,28;38,29;39,29;40,29;40,32;41,29;42,28
A_des:2017-02-20|A_des|A_des|2017-02-20|DESCENDING|80|80|1624561.0000000002|5019.5|1624561.0000000002|493609.99999999994|-2592.0|173.0|10519033.0|12|70|2|4|8|40,30;70,2;71,1;71,2;72,0;72,1;73,0;73,1;73,2;77,2;78,0;79,0
A_asc:2017-02-22|A_asc|A_asc|2017-02-22|ASCENDING|80|80|9818888.000000002|12654.5|9818888.000000002|3002437.0|3430.0|-3069.0|66160841.0|14|46|29|5|10|12,43;27,48;40,32;42,29;42,30;43,29;43,30;44,30;45,29;45,30;45,33;46,29;46,30;47,29
A_asc:2017-02-28|A_asc|A_asc|2017-02-28|ASCENDING|80|80|5591722.0|12838.5|5591722.0|1678531.9999999998|10536.0|10497.0|63239919.0|21|40|30|10|10|7,8;11,29;12,27;13,31;13,32;24,48;25,48;30,49;38,34;39,29;39,30;40,29;40,30;41,30;42,29;42,30;42,33;43,29;43,30;44,29;46,37
A_des:2017-03-04|A_des|A_des|2017-03-04|DESCENDING|80|80|1613002.0|5215.5|1613002.0|536412.9999999999|-1602.0|-2287.0|14059281.0|14|71|2|4|7|35,78;36,78;41,30;41,31;42,30;42,31;71,2;72,2;73,0;73,1;74,0;74,1;74,2;79,0
A_asc:2017-03-06|A_asc|A_asc|2017-03-06|ASCENDING|80|80|7444665.0|11567.5|7444665.0|2303696.0|-5073.0|-3508.0|41504041.0|10|43|29|4|7|10,24;38,33;39,28;39,29;40,29;41,29;42,29;42,32;43,29;44,28
A_des:2017-03-10|A_des|A_des|2017-03-10|DESCENDING|80|80|4255457.000000001|9237.5|4255457.000000001|1374217.0|4110.0|3946.0|16710226.0|6|0|72|1|6|0,69;0,70;0,71;0,72;1,72;2,72
A_asc:2017-03-12|A_asc|A_asc|2017-03-12|ASCENDING|80|80|8486657.000000002|10889.5|8486657.000000002|2555400.9999999995|-3737.0|6618.0|61780387.0|13|40|29|4|9|4,7;5,7;36,28;36,33;37,28;37,29;38,29;39,29;39,32;40,28;40,29;41,28;41,29
A_des:2017-03-16|A_des|A_des|2017-03-16|DESCENDING|80|80|1102708.0|5450.000000000002|1102708.0|350890.0|3003.0|-932.0|13444387.0|22|79|0|7|8|1,73;32,46;33,46;36,79;40,29;41,30;41,31;42,31;71,2;71,3;72,2;72,3;73,2;74,2;75,2;75,3;77,3;78,0;78,3;79,0;79,1;79,3
A_asc:2017-03-18|A_asc|A_asc|2017-03-18|ASCENDING|80|80|6900435.999999999|10836.5|6900435.999999999|2386633.0|-4590.0|5183.0|57678917.0|15|41|29|5|11|5,7;36,33;37,28;37,29;38,28;38,29;39,29;40,29;40,32;41,28;41,29;42,28;43,29;44,29;44,36
A_asc:2017-03-24|A_asc|A_asc|2017-03-24|ASCENDING|80|80|7438732.999999999|11277.0|7438732.999999999|2305480.0|8537.0|-7912.0|50691535.0|14|41|30|5|10|9,29;37,34;38,29;38,30;39,29;39,30;40,30;41,29;41,30;42,29;42,30;43,29;45,37;72,69
A_des:2017-03-28|A_des|A_des|2017-03-28|DESCENDING|80|80|1519498.0|5148.5|1519498.0|460909.0|-1811.0|-1677.0|8363308.0|12|72|2|6|3|29,67;34,53;36,78;37,78;41,29;42,30;42,31;72,2;73,2;74,0;75,0;75,1
A_asc:2017-03-30|A_asc|A_asc|2017-03-30|ASCENDING|80|80|11384840.0|11497.5|11384840.0|3459788.9999999995|-10146.0|1894.0|51126904.0|9|38|29|4|5|5,7;5,8;37,28;37,29;38,28;38,29;39,29;41,29;44,29
A_des:2017-04-03|A_des|A_des|2017-04-03|DESCENDING|80|80|2472820.9999999995|9490.0|2472820.9999999995|869884.9999999999|40.0|-1313.0|6187347.0|4|0|72|3|2|0,58;0,72;1,72;79,24
A_asc:2017-04-05|A_asc|A_asc|2017-04-05|ASCENDING|80|80|11358313.0|10625.0|11358313.0|3418209.0000000005|-2749.0|3488.0|45766831.0|8|38|29|1|8|37,28;38,28;38,29;39,29;40,29;41,29;42,28;42,29
A_des:2017-04-09|A_des|A_des|2017-04-09|DESCENDING|80|80|1068500.0000000002|4832.5|1068500.0000000002|322099.99999999994|187.0|-524.0|9812933.0|19|79|1|8|8|0,46;0,47;1,46;1,47;1,73;24,61;28,68;41,31;71,2;71,3;72,2;72,3;73,2;73,3;74,1;74,3;78,4;79,0;79,1
A_asc:2017-04-11|A_asc|A_asc|2017-04-11|ASCENDING|80|80|8130676.000000003|11356.5|8130676.000000003|2573986.0|-5638.0|3782.0|66790788.0|14|37|28|3|11|4,7;5,7;36,33;37,28;37,29;38,28;38,29;39,29;40,29;41,28;41,29;42,28;43,29;44,29
A_des:2017-04-15|A_des|A_des|2017-04-15|DESCENDING|80|80|2340045.0|9421.5|2340045.0|860081.0|-3639.0|-401.0|7337172.0|5|0|71|3|3|0,71;0,72;1,71;3,51;79,23
A_asc:2017-04-17|A_asc|A_asc|2017-04-17|ASCENDING|80|80|7432232.000000001|10970.000000000002|7432232.000000001|2460460.9999999995|-10513.0|-4585.0|63478732.0|16|38|29|7|5|5,7;5,8;6,8;31,41;32,41;37,29;37,34;38,29;38,30;39,29;39,30;41,29;41,30;42,29;44,30;44,37
A_des:2017-04-21|A_des|A_des|2017-04-21|DESCENDING|80|80|1255189.0000000002|4515.0|1255189.0000000002|382365.0|-900.0|-580.0|7171956.0|13|71|2|8|2|0,73;0,74;24,60;35,78;68,1;70,2;70,12;71,2;71,12;77,3;78,0;78,3;79,0
A_asc:2017-04-23|A_asc|A_asc|2017-04-23|ASCENDING|80|80|6712733.000000001|10960.0|6712733.000000001|2044441.9999999993|1091.0|11860.0|77958165.0|21|41|29|9|12|9,28;9,32;9,41;31,40;32,40;37,28;37,33;38,28;38,29;39,28;39,29;40,29;41,28;41,29;42,28;42,29;43,28;44,29;44,36;72,68;73,70
A_des:2017-04-27|A_des|A_des|2017-04-27|DESCENDING|80|80|1717677.0|10685.000000000002|1717677.0|543717.0|2123.0|2534.0|23968707.0|28|79|24|16|4|0,69;0,71;0,72;1,71;5,78;6,39;6,78;11,12;12,12;15,13;16,13;19,14;20,14;36,24;39,26;43,31;49,17;50,17;54,57;67,69;67,70;78,23;78,24;79,0;79,15;79,16;79,23;79,24
A_asc:2017-04-29|A_asc|A_asc|2017-04-29|ASCENDING|80|80|6472972.999999999|10135.5|6472972.999999999|2063683.9999999993|10798.0|5460.0|50451236.0|15|37|28|6|7|8,32;36,33;37,28;37,29;38,28;38,29;40,28;40,29;41,28;41,29;42,28;43,29;44,29;44,36;71,68
A_des:2017-05-03|A_des|A_des|2017-05-03|DESCENDING|80|80|1383722.0|4593.999999999998|1383722.0|433250.00000000006|-2118.0|-165.0|14303063.0|19|79|0|7|4|2,66;35,78;40,30;40,31;41,30;41,31;70,2;70,3;71,2;71,3;73,0;73,2;74,1;74,2;75,23;78,0;78,1;79,0;79,1
A_asc:2017-05-05|A_asc|A_asc|2017-05-05|ASCENDING|80|80|7461778.000000001|10496.5|7461778.000000001|2252644.0|-5493.0|812.0|55012531.0|15|38|29|4|11|30,25;36,33;37,29;37,33;38,29;38,30;39,29;40,29;41,28;41,29;42,28;42,29;43,29;44,29;44,37
A_des:2017-05-09|A_des|A_des|2017-05-09|DESCENDING|80|80|828564.9999999999|5864.5|828564.9999999999|249985.0|-3515.0|-2310.0|8569993.0|22|40|5|12|4|0,47;2,57;3,57;12,51;19,73;20,73;23,34;26,53;27,41;34,52;35,52;40,4;40,5;41,5;78,75;79,61;79,67;79,68;79,69;79,74;79,75;79,76
A_asc:2017-05-11|A_asc|A_asc|2017-05-11|ASCENDING|80|80|6766449.999999999|10179.0|6766449.999999999|2118739.9999999995|6674.0|-6213.0|31724507.0|8|40|29|4|3|36,29;37,29;37,30;39,29;40,29;42,29;43,29;43,37
A_des:2017-05-15|A_des|A_des|2017-05-15|DESCENDING|80|80|1540625.0000000005|4734.5|1540625.0000000005|463285.0|-722.0|-1929.0|4678079.0|7|70|3|5|3|0,74;35,79;70,3;70,4;71,3;73,2;77,4
A_asc:2017-05-17|A_asc|A_asc|2017-05-17|ASCENDING|80|80|5812045.0|10823.0|5812045.0|1748569.0|-5775.0|1382.0|54689299.0|18|41|28|8|7|8,28;8,31;8,32;8,42;36,33;37,28;38,28;38,29;40,28;40,29;41,28;42,28;43,28;43,29;43,36;44,29;44,36;72,67
A_des:2017-05-21|A_des|A_des|2017-05-21|DESCENDING|80|80|730432.0|5200.0|730432.0|219385.0|-521.0|417.0|5344260.0|14|0|46|9|2|0,46;0,47;6,55;7,55;19,73;23,33;23,34;27,41;35,52;40,4;41,4;79,68;79,74;79,75
A_asc:2017-05-23|A_asc|A_asc|2017-05-23|ASCENDING|80|80|4382969.0|11346.5|4382969.0|1336378.0000000002|1755.0|-1935.0|77689046.0|33|45|30|10|13|6,8;7,8;10,29;10,32;10,33;11,29;12,74;13,74;38,34;39,29;39,30;39,33;39,34;40,29;40,30;41,30;42,29;42,30;43,29;43,30;44,29;44,30;45,30;45,37;46,30;46,37;62,61;63,59;63,60;72,69;73,69;74,68;74,71
A_asc:2017-05-29|A_asc|A_asc|2017-05-29|ASCENDING|80|80|5863524.999999998|10881.000000000004|5863524.999999998|1813001.0000000005|-2820.0|-7696.0|62992208.0|21|44|29|7|13|5,7;6,7;9,28;37,33;38,28;38,29;39,28;39,29;40,29;41,28;41,29;42,28;42,29;43,28;43,29;44,29;44,36;45,29;45,36;72,68;73,70
A_des:2017-06-02|A_des|A_des|2017-06-02|DESCENDING|80|80|633316.9999999999|5120.000000000001|633316.9999999999|204425.0|131.0|-2692.0|5870165.0|18|78|75|12|4|0,46;2,57;3,57;6,56;18,73;19,73;22,34;23,34;34,52;38,71;39,4;42,55;78,54;78,69;78,74;78,75;79,74;79,75
A_asc:2017-06-04|A_asc|A_asc|2017-06-04|ASCENDING|80|80|6798725.000000002|11567.5|6798725.000000002|2098177.0|3864.0|4396.0|46846880.0|13|42|29|5|8|9,42;10,42;38,33;39,29;40,29;41,29;42,29;43,28;43,29;44,29;45,29;45,37;73,68
A_des:2017-06-08|A_des|A_des|2017-06-08|DESCENDING|80|80|1810764.9999999998|9025.5|1810764.9999999998|562570.0|1561.0|-4643.0|5630800.0|6|0|73|3|4|0,72;0,73;1,72;1,73;67,71;79,25
A_asc:2017-06-10|A_asc|A_asc|2017-06-10|ASCENDING|80|80|12661541.000000004|10730.0|12661541.000000004|4090865.000000001|1003.0|-3912.0|39054773.0|6|3|7|4|2|3,7;4,7;37,29;39,29;40,28;42,29
A_des:2017-06-14|A_des|A_des|2017-06-14|DESCENDING|80|80|866124.9999999999|5476.0|866124.9999999999|260356.0000000001|-145.0|-2364.0|7546823.0|17|45|50|10|4|4,61;15,72;22,33;33,51;37,71;39,4;44,50;44,51;45,50;45,51;77,74;78,60;78,64;78,74;78,75;79,60;79,64
A_asc:2017-06-16|A_asc|A_asc|2017-06-16|ASCENDING|80|80|4414472.000000001|11425.5|4414472.000000001|1332192.9999999998|-12292.0|1138.0|63070410.0|28|42|29|10|12|14,34;15,34;32,25;38,33;38,34;39,29;39,33;40,29;40,30;41,29;42,29;43,28;43,29;44,28;44,29;45,29;45,30;45,37;46,29;46,37;57,15;62,60;63,59;67,64;73,68;74,68;74,70;74,71
A_des:2017-06-20|A_des|A_des|2017-06-20|DESCENDING|80|80|1355272.9999999998|9381.500000000004|1355272.9999999998|408517.0000000001|211.0|2306.0|6376863.0|9|79|25|8|2|0,66;0,73;1,71;7,72;8,72;22,30;52,79;67,71;79,25
A_asc:2017-06-22|A_asc|A_asc|2017-06-22|ASCENDING|80|80|5726407.999999999|11297.0|5726407.999999999|1876549.0000000002|7655.0|1135.0|56224950.0|19|44|29|7|12|9,28;37,33;38,29;39,28;39,29;40,29;41,28;41,29;42,28;42,29;43,28;43,29;44,29;44,36;45,29;45,36;66,63;72,68;73,70
A_des:2017-06-26|A_des|A_des|2017-06-26|DESCENDING|80|80|865346.0|5380.5|865346.0|266890.00000000006|2462.0|-80.0|4960274.0|11|79|74|7|3|0,46;0,47;4,58;19,73;39,71;40,4;41,4;78,75;79,68;79,74;79,75
A_asc:2017-06-28|A_asc|A_asc|2017-06-28|ASCENDING|80|80|5850650.0|11445.5|5850650.0|1767795.9999999995|10065.0|4220.0|48674675.0|15|44|29|8|7|11,29;15,34;39,34;40,29;43,29;43,30;44,29;44,30;45,29;45,30;46,30;46,37;47,37;73,69;75,71
A_des:2017-07-02|A_des|A_des|2017-07-02|DESCENDING|80|80|946963.9999999999|9032.5|946963.9999999999|297220.99999999994|2256.0|164.0|10082992.0|22|79|25|13|4|0,71;0,72;0,73;1,35;1,72;6,40;7,72;19,15;21,52;51,79;66,71;67,71;75,33;78,24;78,25;78,28;79,11;79,16;79,17;79,24;79,25;79,28
A_asc:2017-07-04|A_asc|A_asc|2017-07-04|ASCENDING|80|80|5198090.0|11220.5|5198090.0|1577189.0|894.0|8970.0|61392002.0|23|39|29|11|10|7,28;11,34;35,33;35,53;36,29;36,33;37,29;38,29;39,28;39,29;40,28;40,29;41,29;42,29;42,36;42,37;43,29;54,15;59,60;69,68;70,68;71,70;76,76
A_asc:2017-07-10|A_asc|A_asc|2017-07-10|ASCENDING|80|80|6085053.000000001|11532.5|6085053.000000001|1843233.9999999998|4585.0|10325.0|56010298.0|20|42|29|8|12|10,29;14,34;38,34;39,29;39,30;40,29;40,30;41,29;41,30;42,29;42,30;43,29;44,30;45,29;45,30;45,37;72,69;73,68;74,71;79,76
A_des:2017-07-14|A_des|A_des|2017-07-14|DESCENDING|80|80|1256224.0|9018.0|1256224.0|385090.0|1680.0|1772.0|9437480.0|16|79|25|8|4|0,71;0,72;0,73;7,72;8,72;19,15;67,71;75,33;76,33;78,24;78,25;79,16;79,17;79,24;79,25;79,28
A_asc:2017-07-16|A_asc|A_asc|2017-07-16|ASCENDING|80|80|5262920.0|11282.999999999998|5262920.0|1586161.0000000002|-1984.0|-5032.0|65348436.0|26|41|29|11|11|9,41;12,34;36,33;36,34;36,53;37,29;37,33;38,29;39,29;40,29;41,28;41,29;42,28;42,29;42,33;43,29;43,30;43,37;44,29;44,37;55,15;65,63;71,68;72,68;72,70;72,71
A_des:2017-07-20|A_des|A_des|2017-07-20|DESCENDING|80|80|865043.9999999999|5201.0|865043.9999999999|270173.0|690.0|-1485.0|6238111.0|16|6|56|9|3|5,56;6,56;7,56;18,73;19,73;22,34;23,34;34,52;38,72;39,5;78,74;78,75;78,79;79,67;79,68;79,75
A_asc:2017-07-22|A_asc|A_asc|2017-07-22|ASCENDING|80|80|5648484.999999999|11811.0|5648484.999999999|1708930.0000000002|-1593.0|4403.0|63418680.0|24|43|29|10|7|10,29;10,41;10,42;11,29;11,41;11,42;15,34;32,25;38,34;38,54;39,34;40,29;40,30;42,29;42,30;43,29;43,30;44,29;45,29;45,30;45,37;46,37;73,69;74,68
A_des:2017-07-26|A_des|A_des|2017-07-26|DESCENDING|80|80|1807497.0|8975.500000000002|1807497.0|566210.0000000001|5543.0|4087.0|7792578.0|7|0|73|3|3|0,72;0,73;1,52;1,53;1,72;2,52;79,24
A_asc:2017-07-28|A_asc|A_asc|2017-07-28|ASCENDING|80|80|6756564.999999999|11426.000000000002|6756564.999999999|2083666.0|-7574.0|-1026.0|48507362.0|15|41|29|5|7|8,41;8,42;9,41;9,42;38,29;38,30;40,29;41,29;42,28;42,29;43,29;43,30;44,29;44,37;72,68
A_des:2017-08-01|A_des|A_des|2017-08-01|DESCENDING|80|80|503889.9999999999|5490.0|503889.9999999999|152029.0|1469.0|946.0|8891935.0|35|79|74|19|6|0,46;1,57;4,61;5,61;5,62;5,68;6,55;16,72;18,72;18,73;19,72;19,73;22,33;23,33;23,34;24,69;25,54;25,57;26,41;34,51;34,52;38,71;39,4;39,51;39,71;40,4;78,69;78,73;78,74;78,75;78,79;79,73;79,74;79,75;79,79
A_asc:2017-08-03|A_asc|A_asc|2017-08-03|ASCENDING|80|80|5251280.000000001|12037.000000000002|5251280.000000001|1661284.9999999993|1091.0|-17049.0|55747182.0|23|43|29|11|7|11,29;11,41;11,42;15,34;39,34;40,29;40,30;40,33;41,29;41,30;43,29;43,30;44,29;45,29;45,30;46,29;46,30;46,37;47,37;58,15;68,64;74,68;75,71
A_des:2017-08-07|A_des|A_des|2017-08-07|DESCENDING|80|80|1391811.9999999998|8762.0|1391811.9999999998|424898.00000000006|-1028.0|-292.0|9066508.0|12|23|64|9|2|0,53;0,73;6,41;7,73;19,16;22,64;23,64;66,72;78,25;79,17;79,18;79,25
A_asc:2017-08-09|A_asc|A_asc|2017-08-09|ASCENDING|80|80|6340914.000000002|10558.999999999998|6340914.000000002|1919384.9999999995|2557.0|-5689.0|57202890.0|19|41|29|7|11|8,29;18,78;19,78;36,34;37,29;37,30;38,29;38,30;39,30;40,29;40,30;41,29;42,29;43,29;43,30;43,37;44,37;65,64;72,71
A_des:2017-08-13|A_des|A_des|2017-08-13|DESCENDING|80|80|465407.99999999994|5163.0|465407.99999999994|141525.0|-3076.0|-2252.0|10317224.0|44|79|74|20|6|0,46;0,66;1,57;2,57;3,21;4,21;5,62;15,72;16,72;18,72;18,73;19,72;19,73;20,73;22,33;23,33;23,34;24,69;25,52;25,54;25,57;25,59;33,51;34,51;34,52;39,3;39,4;40,3;40,4;41,78;77,79;78,67;78,68;78,69;78,74;78,75;78,79;79,64;79,66;79,68;79,69;79,73;79,74;79,75
A_asc:2017-08-15|A_asc|A_asc|2017-08-15|ASCENDING|80|80|4203724.999999999|11240.0|4203724.999999999|1299850.0000000002|658.0|-1401.0|60039763.0|26|45|30|11|12|10,29;10,43;12,74;14,34;14,35;38,34;39,29;39,30;39,33;40,29;40,30;41,30;42,29;42,30;43,29;44,29;44,30;45,30;45,37;46,30;46,37;57,15;62,61;72,69;73,69;74,71
A_des:2017-08-19|A_des|A_des|2017-08-19|DESCENDING|80|80|1278313.0000000002|8465.0|1278313.0000000002|384949.0|3522.0|-620.0|8183066.0|13|79|25|7|3|0,73;0,74;1,73;7,73;8,73;19,16;20,16;39,14;40,28;78,25;79,17;79,18;79,25
A_asc:2017-08-21|A_asc|A_asc|2017-08-21|ASCENDING|80|80|5034445.0|10705.0|5034445.0|1568305.0|-1900.0|2703.0|55006513.0|22|40|29|8|12|8,29;12,34;36,34;37,29;37,30;37,33;38,29;38,30;39,29;40,29;40,30;41,29;42,29;42,30;43,29;43,30;43,37;44,37;65,64;70,69;71,68;72,71
A_des:2017-08-25|A_des|A_des|2017-08-25|DESCENDING|80|80|672237.0000000001|5191.5|672237.0000000001|214404.99999999997|-1088.0|-68.0|7883246.0|23|78|75|12|4|0,46;5,68;15,72;16,72;18,72;18,73;19,73;20,73;22,34;23,34;24,69;33,42;38,71;39,4;40,4;40,5;77,79;78,74;78,75;78,79;79,66;79,74;79,75
A_asc:2017-08-27|A_asc|A_asc|2017-08-27|ASCENDING|80|80|5199869.0|11860.5|5199869.0|1613319.9999999998|5583.0|7360.0|57818201.0|23|43|29|10|11|11,28;13,73;15,34;39,33;40,29;41,29;42,29;43,28;43,29;44,28;44,29;45,28;45,29;46,29;46,36;46,37;47,29;47,36;47,37;58,15;63,60;74,68;75,70
A_des:2017-08-31|A_des|A_des|2017-08-31|DESCENDING|80|80|4442732.999999999|9544.5|4442732.999999999|1700018.0|511.0|4689.0|8659864.0|3|0|73|1|3|0,73;1,72;1,73
A_asc:2017-09-02|A_asc|A_asc|2017-09-02|ASCENDING|80|80|6583645.0|10492.5|6583645.0|2018081.0000000005|11065.0|6319.0|78900870.0|23|42|29|8|12|10,28;10,40;11,73;37,33;38,28;38,29;38,33;39,28;39,29;40,29;41,29;42,28;42,29;43,28;43,29;44,29;45,29;45,36;59,33;59,34;60,33;60,34;72,68
A_des:2017-09-06|A_des|A_des|2017-09-06|DESCENDING|80|80|600653.0|5219.999999999999|600653.0|180612.00000000003|-908.0|1980.0|8859920.0|30|79|74|14|5|0,46;1,56;2,56;5,61;15,72;16,72;18,72;18,73;19,72;19,73;20,73;22,33;23,33;23,34;25,57;34,51;34,52;38,71;39,4;39,71;40,3;40,4;40,5;78,68;78,74;78,75;78,79;79,66;79,74;79,75
A_asc:2017-09-08|A_asc|A_asc|2017-09-08|ASCENDING|80|80|6861258.000000001|11822.5|6861258.000000001|2127921.9999999995|-3684.0|204.0|34105574.0|11|43|29|6|6|13,73;15,34;40,29;41,29;42,29;43,29;44,28;44,29;46,29;46,37;74,68
A_des:2017-09-12|A_des|A_des|2017-09-12|DESCENDING|80|80|1576996.0000000002|8654.5|1576996.0000000002|580419.9999999999|-1199.0|-1366.0|4796231.0|6|0|73|4|3|0,66;0,73;1,72;1,73;52,79;68,71
A_asc:2017-09-14|A_asc|A_asc|2017-09-14|ASCENDING|80|80|5741410.000000001|10771.0|5741410.000000001|1753316.0|5611.0|2154.0|58453763.0|19|42|29|6|12|10,29;37,34;38,34;39,29;39,30;40,29;40,30;41,30;42,29;42,30;43,29;44,29;44,30;45,29;45,30;45,37;72,69;73,68;74,71
A_des:2017-09-18|A_des|A_des|2017-09-18|DESCENDING|80|80|5037648.999999999|5443.999999999999|5037648.999999999|2999345.0|-784.0|240.0|8036994.0|2|65|39|1|2|65,39;66,39
A_asc:2017-09-20|A_asc|A_asc|2017-09-20|ASCENDING|80|80|6952437.0|11603.0|6952437.0|2166953.0|7509.0|-1566.0|37522073.0|11|42|29|8|3|12,73;14,34;38,33;39,29;40,29;42,29;43,28;43,29;45,29;45,37;73,68
A_des:2017-09-24|A_des|A_des|2017-09-24|DESCENDING|80|80|1360097.0000000005|8633.000000000002|1360097.0000000005|442826.0|1326.0|-1116.0|7346666.0|12|0|73|9|3|0,66;0,69;0,72;0,73;1,72;2,35;6,1;22,30;52,79;67,71;79,24;79,25
A_asc:2017-09-26|A_asc|A_asc|2017-09-26|ASCENDING|80|80|7086137.000000001|10982.499999999998|7086137.000000001|2200612.0|-5146.0|-3576.0|35777382.0|10|41|29|4|6|37,29;38,29;40,29;40,30;41,29;42,29;43,29;43,30;44,37;71,68
A_des:2017-09-30|A_des|A_des|2017-09-30|DESCENDING|80|80|701677.0|5417.0|701677.0|213472.99999999994|1162.0|-72.0|7651414.0|23|79|74|13|4|0,46;1,46;2,57;6,62;7,55;19,72;20,72;20,73;23,33;24,33;34,42;35,51;35,52;39,71;40,3;40,4;41,4;79,59;79,68;79,73;79,74;79,75;79,76
A_asc:2017-10-02|A_asc|A_asc|2017-10-02|ASCENDING|80|80|7119496.000000001|10984.999999999998|7119496.000000001|2348681.0000000005|-4256.0|-9059.0|47888191.0|13|42|30|5|9|10,29;12,74;39,29;39,30;40,30;41,30;42,29;42,30;43,29;44,30;45,30;45,37;72,69
A_des:2017-10-06|A_des|A_des|2017-10-06|DESCENDING|80|80|2471780.0|9061.0|2471780.0|911440.0000000001|-2710.0|1097.0|4451209.0|3|0|73|1|3|0,73;1,72;1,73
A_asc:2017-10-08|A_asc|A_asc|2017-10-08|ASCENDING|80|80|8473930.000000002|11216.999999999998|8473930.000000002|2888773.0|-2518.0|-4618.0|36629020.0|8|41|29|2|7|38,28;38,29;39,29;40,29;41,28;41,29;42,28;44,29
A_des:2017-10-12|A_des|A_des|2017-10-12|DESCENDING|80|80|758896.9999999998|5365.0|758896.9999999998|229645.00000000003|909.0|3078.0|6703737.0|17|20|73|10|4|0,18;0,46;0,47;0,48;1,46;3,59;12,71;13,71;14,71;19,73;20,73;24,34;26,58;35,52;41,4;41,5;79,75
A_asc:2017-10-14|A_asc|A_asc|2017-10-14|ASCENDING|80|80|6216345.0|10825.0|6216345.0|1876641.9999999995|1691.0|9986.0|53760249.0|16|42|30|7|9|10,29;38,34;39,29;39,30;40,29;40,30;41,30;42,29;42,30;43,29;43,30;43,33;45,30;45,37;46,37;74,71
A_des:2017-10-18|A_des|A_des|2017-10-18|DESCENDING|80|80|2115602.0|8877.0|2115602.0|659165.0|1285.0|-3431.0|4711662.0|4|0|73|2|3|0,66;0,73;1,72;1,73
A_asc:2017-10-20|A_asc|A_asc|2017-10-20|ASCENDING|80|80|8516316.999999998|10933.000000000004|8516316.999999998|2647961.0|7578.0|-5412.0|44536198.0|11|41|29|4|8|11,73;37,33;38,28;38,29;39,29;40,29;41,28;41,29;42,28;42,29;44,29
A_des:2017-10-24|A_des|A_des|2017-10-24|DESCENDING|80|80|1489360.0|5629.000000000001|1489360.0|454852.00000000006|-2389.0|-1014.0|5153521.0|7|36|42|6|2|0,46;33,43;35,42;36,42;40,4;79,74;79,76
A_asc:2017-10-26|A_asc|A_asc|2017-10-26|ASCENDING|80|80|7443081.999999999|10295.000000000004|7443081.999999999|2275743.9999999995|342.0|-11451.0|51105679.0|11|42|30|4|8|38,34;39,29;39,30;40,29;40,30;41,30;42,30;43,29;43,30;45,30;46,37
A_des:2017-10-30|A_des|A_des|2017-10-30|DESCENDING|80|80|1852609.9999999998|8592.999999999998|1852609.9999999998|568761.9999999999|-2267.0|119.0|6142280.0|6|0|72|3|3|0,72;0,73;1,72;67,71;78,24;79,25
A_asc:2017-11-01|A_asc|A_asc|2017-11-01|ASCENDING|80|80|7006865.000000001|10552.999999999996|7006865.000000001|2186180.9999999995|5384.0|-4905.0|46843077.0|11|40|28|4|8|8,28;37,28;37,29;38,28;38,29;39,29;40,28;40,29;41,28;43,36;71,67
A_des:2017-11-05|A_des|A_des|2017-11-05|DESCENDING|80|80|6363817.999999999|7238.5|6363817.999999999|2130778.0000000005|-6440.0|2737.0|19736075.0|6|79|59|4|2|20,73;40,4;40,5;79,58;79,59;79,74
A_asc:2017-11-07|A_asc|A_asc|2017-11-07|ASCENDING|80|80|11018140.999999998|11597.000000000004|11018140.999999998|4829832.0|-2708.0|1794.0|34003412.0|5|43|29|1|5|40,29;41,29;42,29;43,29;44,29
A_des:2017-11-11|A_des|A_des|2017-11-11|DESCENDING|80|80|1948050.0|8895.0|1948050.0|679164.9999999998|-520.0|-109.0|7515895.0|6|1|72|3|3|0,72;0,73;1,52;1,72;2,52;79,16
A_asc:2017-11-13|A_asc|A_asc|2017-11-13|ASCENDING|80|80|9494440.0|11657.0|9494440.0|3286339.9999999995|2958.0|3144.0|42966232.0|7|42|29|2|6|39,29;40,29;41,29;42,29;42,32;43,28;43,29
A_des:2017-11-17|A_des|A_des|2017-11-17|DESCENDING|80|80|511901.00000000006|5788.5|511901.00000000006|155560.0|1251.0|-426.0|11940441.0|43|79|69|19|8|0,46;0,47;0,48;2,27;3,27;5,23;5,24;6,55;6,56;6,62;7,55;7,56;11,50;19,73;20,73;23,33;23,34;24,34;25,58;26,58;34,31;34,52;35,31;35,52;38,2;39,2;39,3;39,71;40,2;40,3;40,4;40,5;41,4;73,26;78,78;78,79;79,59;79,66;79,68;79,69;79,70;79,74;79,75
A_asc:2017-11-19|A_asc|A_asc|2017-11-19|ASCENDING|80|80|21774233.0|13003.0|21774233.0|7513072.999999998|-7477.0|4542.0|39402671.0|3|48|46|2|2|13,74;47,46;48,46
A_des:2017-11-23|A_des|A_des|2017-11-23|DESCENDING|80|80|2536133.0|9489.0|2536133.0|1008000.9999999999|-3171.0|-423.0|4864826.0|3|0|73|2|2|0,73;1,73;79,25
A_asc:2017-11-25|A_asc|A_asc|2017-11-25|ASCENDING|80|80|7801802.0|12158.0|7801802.0|2526276.9999999995|6176.0|4845.0|50583315.0|12|43|29|4|8|11,29;24,48;25,48;40,29;40,30;41,30;42,29;42,30;43,29;43,30;44,29;46,37
A_des:2017-11-29|A_des|A_des|2017-11-29|DESCENDING|80|80|3483111.9999999995|9209.0|3483111.9999999995|1166425.0|2678.0|35.0|8183075.0|4|0|71|2|3|0,71;1,71;2,70;3,50
A_asc:2017-12-01|A_asc|A_asc|2017-12-01|ASCENDING|80|80|22628561.000000007|13709.5|22628561.000000007|6891125.0|-19980.0|-4617.0|95105587.0|6|48|47|3|4|13,74;45,36;47,46;47,47;48,46;48,47
A_des:2017-12-05|A_des|A_des|2017-12-05|DESCENDING|80|80|1242020.0000000002|8737.5|1242020.0000000002|374804.99999999994|-2226.0|-2555.0|7079275.0|12|0|72|9|3|0,72;0,73;1,72;6,40;19,15;65,35;66,71;78,24;79,11;79,16;79,17;79,19
A_asc:2017-12-07|A_asc|A_asc|2017-12-07|ASCENDING|80|80|8428849.999999998|11121.0|8428849.999999998|3303061.0000000005|-6009.0|4536.0|61144135.0|12|41|29|3|7|7,42;7,43;8,42;8,43;26,37;38,28;38,29;39,29;40,29;41,29;42,28;42,29
A_des:2017-12-11|A_des|A_des|2017-12-11|DESCENDING|80|80|8261689.000000001|11840.000000000002|8261689.000000001|2665364.0|-2363.0|1146.0|26409993.0|6|1|72|2|3|0,68;0,69;1,68;1,72;2,72;3,71
A_asc:2017-12-13|A_asc|A_asc|2017-12-13|ASCENDING|80|80|18616825.0|12904.999999999998|18616825.0|5779034.0|-3321.0|15084.0|77515171.0|7|62|77|3|4|47,46;47,47;48,46;48,47;61,77;62,77;74,52
A_des:2017-12-17|A_des|A_des|2017-12-17|DESCENDING|80|80|1725512.0|9101.0|1725512.0|538249.0000000001|1299.0|-2530.0|9742501.0|12|0|72|7|3|0,72;0,73;1,72;4,9;19,15;66,70;66,71;67,71;78,24;79,11;79,16;79,17
A_asc:2017-12-19|A_asc|A_asc|2017-12-19|ASCENDING|80|80|13999804.999999998|11769.0|13999804.999999998|4442045.0|3538.0|336.0|54765968.0|8|12|43|2|5|11,43;12,43;13,43;42,29;43,30;44,30;45,30;46,30
A_des:2017-12-23|A_des|A_des|2017-12-23|DESCENDING|80|80|1262178.0|8839.999999999998|1262178.0|379123.99999999994|-485.0|7741.0|12507810.0|20|0|72|11|3|0,71;0,72;1,34;1,71;5,0;6,39;7,39;19,14;20,14;22,29;66,34;66,70;67,69;67,70;78,23;79,10;79,15;79,16;79,17;79,23
A_asc:2017-12-25|A_asc|A_asc|2017-12-25|ASCENDING|80|80|12640420.000000002|11901.5|12640420.000000002|4440973.000000002|10237.0|315.0|34035714.0|4|47|46|3|2|13,74;47,46;48,46;74,51
A_des:2017-12-29|A_des|A_des|2017-12-29|DESCENDING|80|80|1330025.0|9429.500000000004|1330025.0|399650.0|-3073.0|263.0|12524420.0|19|0|73|13|3|0,52;0,53;0,72;0,73;1,73;4,10;8,69;18,15;21,30;32,25;33,25;65,35;65,71;66,71;66,72;78,25;79,9;79,12;79,17
A_asc:2017-12-31|A_asc|A_asc|2017-12-31|ASCENDING|80|80|15221988.000000002|12115.0|15221988.000000002|6457176.999999999|4512.0|666.0|48396070.0|5|7|42|3|2|7,42;8,42;38,29;40,29;41,29
A_des:2018-01-04|A_des|A_des|2018-01-04|DESCENDING|80|80|1988269.0|9250.0|1988269.0|683764.9999999998|-1689.0|6630.0|10448779.0|10|0|71|4|4|0,71;0,72;1,71;1,72;2,51;3,51;67,69;67,70;68,70;79,23
A_asc:2018-01-06|A_asc|A_asc|2018-01-06|ASCENDING|80|80|30516968.0|13971.000000000002|30516968.0|11998906.000000002|-2047.0|12280.0|56933119.0|3|48|46|1|3|47,46;48,46;48,47
A_des:2018-01-10|A_des|A_des|2018-01-10|DESCENDING|80|80|4491994.0|9253.0|4491994.0|1756120.9999999998|-36.0|-3052.0|10181898.0|4|0|73|1|4|0,73;1,72;1,73;2,72
A_asc:2018-01-12|A_asc|A_asc|2018-01-12|ASCENDING|80|80|8234559.999999999|11703.0|8234559.999999999|2529796.0|1574.0|1924.0|60787898.0|12|42|29|3|8|7,43;8,42;8,43;9,29;38,29;39,29;39,30;40,29;40,30;41,29;41,30;42,29
A_des:2018-01-16|A_des|A_des|2018-01-16|DESCENDING|80|80|3928404.9999999995|9655.0|3928404.9999999995|1292988.9999999998|-2389.0|-1417.0|8305534.0|4|0|72|2|3|0,68;0,72;1,71;1,72
A_asc:2018-01-18|A_asc|A_asc|2018-01-18|ASCENDING|80|80|8425144.999999998|12996.999999999998|8425144.999999998|2628169.9999999995|4782.0|-4427.0|46751983.0|9|48|46|5|2|12,74;13,74;34,9;44,36;45,36;47,46;48,46;74,51;74,52
A_des:2018-01-22|A_des|A_des|2018-01-22|DESCENDING|80|80|1908530.0000000005|9332.0|1908530.0000000005|804721.0000000001|-2464.0|-1294.0|4919760.0|4|0|72|2|3|0,72;0,73;1,72;67,71
A_asc:2018-01-24|A_asc|A_asc|2018-01-24|ASCENDING|80|80|9115047.999999998|10952.5|9115047.999999998|2882945.0|-4688.0|-1232.0|47852374.0|10|40|29|2|7|6,42;7,42;7,43;37,28;37,29;38,29;39,29;40,29;41,28;41,29
A_des:2018-01-28|A_des|A_des|2018-01-28|DESCENDING|80|80|3823733.0000000005|9805.0|3823733.0000000005|1165635.9999999998|-531.0|3420.0|12729035.0|5|0|72|2|4|0,71;0,72;1,71;2,71;67,70
A_asc:2018-01-30|A_asc|A_asc|2018-01-30|ASCENDING|80|80|10482565.0|13983.0|10482565.0|3320525.000000001|-7651.0|772.0|42534169.0|8|48|46|4|3|13,73;45,35;46,35;47,46;48,46;49,46;74,51;75,51
A_des:2018-02-03|A_des|A_des|2018-02-03|DESCENDING|80|80|2618548.0000000005|9392.5|2618548.0000000005|870944.0|-2363.0|-3229.0|9778440.0|7|1|73|4|4|0,72;0,73;1,53;1,73;2,73;35,25;68,71
A_asc:2018-02-05|A_asc|A_asc|2018-02-05|ASCENDING|80|80|18718345.0|14635.0|18718345.0|6310671.999999999|-1636.0|-5159.0|103517969.0|9|41|29|3|6|7,42;8,42;40,28;40,29;41,28;41,29;41,32;42,28;42,29
A_des:2018-02-09|A_des|A_des|2018-02-09|DESCENDING|80|80|2642993.0000000005|9266.0|2642993.0000000005|971829.0|925.0|-2492.0|10166011.0|6|1|71|3|4|0,71;0,72;1,71;2,71;20,14;67,70
A_asc:2018-02-11|A_asc|A_asc|2018-02-11|ASCENDING|80|80|6452074.0|12437.500000000002|6452074.0|2093225.0|2888.0|755.0|45066151.0|12|13|74|8|2|13,74;14,74;45,36;46,36;48,47;50,23;56,78;60,39;62,78;63,78;74,52;75,52
A_des:2018-02-15|A_des|A_des|2018-02-15|DESCENDING|80|80|1396805.0|9185.500000000002|1396805.0|430418.0|87.0|1058.0|9925673.0|15|0|73|8|4|0,53;0,72;0,73;1,53;1,72;1,73;4,10;9,68;9,69;55,35;78,17;78,25;79,11;79,12;79,17
A_asc:2018-02-17|A_asc|A_asc|2018-02-17|ASCENDING|80|80|17032210.0|12871.5|17032210.0|5389693.0|-2742.0|-5099.0|101670603.0|10|41|29|4|5|7,42;8,42;31,42;32,42;40,29;41,28;41,29;41,32;42,28;42,29
A_des:2018-02-21|A_des|A_des|2018-02-21|DESCENDING|80|80|1998417.9999999995|9362.0|1998417.9999999995|753669.0|1479.0|2313.0|4855364.0|4|0|71|2|3|0,58;0,71;0,72;1,71
A_asc:2018-02-23|A_asc|A_asc|2018-02-23|ASCENDING|80|80|6117722.000000001|12890.999999999998|6117722.000000001|1924972.9999999998|2504.0|3415.0|45404077.0|12|63|77|5|5|13,74;14,74;45,36;46,36;60,39;62,77;62,78;62,79;63,77;63,78;74,52;75,52
A_des:2018-02-27|A_des|A_des|2018-02-27|DESCENDING|80|80|2785010.0000000005|8226.000000000002|2785010.0000000005|932489.9999999999|-1170.0|-3667.0|10944863.0|6|2|53|2|4|0,73;1,52;1,53;1,73;2,52;2,53
A_asc:2018-03-01|A_asc|A_asc|2018-03-01|ASCENDING|80|80|10946597.000000002|10900.0|10946597.000000002|3456533.0|-707.0|4517.0|47083208.0|8|9|42|3|4|9,42;9,43;10,42;10,43;39,29;40,29;42,29;43,29
A_des:2018-03-05|A_des|A_des|2018-03-05|DESCENDING|80|80|4467770.0|9745.000000000002|4467770.0|1379280.9999999998|2042.0|-4583.0|13212705.0|5|0|72|2|4|0,72;1,71;1,72;2,71;68,70
A_asc:2018-03-07|A_asc|A_asc|2018-03-07|ASCENDING|80|80|7859944.999999999|12692.5|7859944.999999999|2500965.0|-382.0|7829.0|34592205.0|8|45|36|4|3|12,74;13,74;44,36;45,35;45,36;59,39;74,51;74,52
A_des:2018-03-11|A_des|A_des|2018-03-11|DESCENDING|80|80|6500000.000000001|11360.999999999998|6500000.000000001|1992842.0000000002|-2036.0|-6412.0|32642876.0|10|2|50|6|3|0,69;0,72;0,73;1,72;2,50;2,51;3,50;14,13;21,16;79,1
A_asc:2018-03-13|A_asc|A_asc|2018-03-13|ASCENDING|80|80|10163261.000000002|11863.5|10163261.000000002|3091972.9999999995|-1175.0|5129.0|41021110.0|7|41|29|2|4|37,29;38,29;38,30;40,29;40,30;41,29;42,29
A_des:2018-03-17|A_des|A_des|2018-03-17|DESCENDING|80|80|5493482.0|11447.0|5493482.0|1741885.0|3460.0|-271.0|28286175.0|10|0|71|4|4|0,67;0,68;0,71;0,72;1,71;1,72;19,13;19,14;36,23;36,24
A_asc:2018-03-19|A_asc|A_asc|2018-03-19|ASCENDING|80|80|19196644.0|12937.5|19196644.0|7409650.0|11498.0|5973.0|70235203.0|6|48|46|4|2|13,74;45,36;47,46;48,46;61,79;62,79
A_des:2018-03-23|A_des|A_des|2018-03-23|DESCENDING|80|80|2671513.0000000005|9075.5|2671513.0000000005|949450.0000000002|-1670.0|2893.0|6717417.0|4|0|73|1|4|0,72;0,73;1,72;1,73
A_asc:2018-03-25|A_asc|A_asc|2018-03-25|ASCENDING|80|80|8481844.999999998|10801.5|8481844.999999998|2566525.0|942.0|6717.0|50540383.0|10|41|29|2|9|37,28;37,29;38,28;38,29;39,29;40,29;40,32;41,28;41,29;42,28
A_des:2018-03-29|A_des|A_des|2018-03-29|DESCENDING|80|80|2210659.9999999995|9651.500000000002|2210659.9999999995|664896.9999999999|-2059.0|1185.0|12828290.0|11|0|71|5|4|0,64;0,67;0,70;0,71;1,50;1,51;1,70;1,71;2,50;2,51;79,23
A_asc:2018-03-31|A_asc|A_asc|2018-03-31|ASCENDING|80|80|15098850.000000002|16490.0|15098850.000000002|5273825.000000001|-685.0|-6739.0|124128864.0|16|45|36|9|4|13,74;33,12;42,78;45,36;46,36;47,46;47,47;48,46;48,47;55,37;59,39;60,39;71,39;72,39;74,52;75,52
A_des:2018-04-04|A_des|A_des|2018-04-04|DESCENDING|80|80|4959400.0|10837.0|4959400.0|1491250.0|-3305.0|1811.0|19338072.0|8|0|73|4|4|0,73;1,72;1,73;2,72;21,16;35,25;36,25;43,44
A_asc:2018-04-06|A_asc|A_asc|2018-04-06|ASCENDING|80|80|7289633.0|11285.499999999998|7289633.0|2307344.0|1765.0|2184.0|55215049.0|14|38|29|4|11|9,42;11,31;37,33;38,28;38,29;39,29;40,29;41,29;42,28;42,29;43,28;43,29;44,29;45,29
A_asc:2018-04-12|A_asc|A_asc|2018-04-12|ASCENDING|80|80|13751049.999999996|17705.0|13751049.999999996|4229972.0|-12059.0|-10334.0|115915149.0|16|48|46|8|3|13,73;33,11;33,12;42,77;42,78;45,35;45,36;46,35;48,46;49,46;58,60;59,39;60,38;60,39;74,51;75,51
A_des:2018-04-16|A_des|A_des|2018-04-16|DESCENDING|80|80|2413949.0|8864.999999999998|2413949.0|1066760.0|-857.0|7603.0|10592578.0|7|1|73|1|7|0,70;0,71;0,72;0,73;1,72;1,73;2,73
A_des:2018-04-22|A_des|A_des|2018-04-22|DESCENDING|80|80|4209341.000000001|8900.0|4209341.000000001|4047865.9999999995|-2689.0|-3044.0|8257207.0|2|0|69|1|2|0,69;0,70
A_asc:2018-04-24|A_asc|A_asc|2018-04-24|ASCENDING|80|80|8897813.000000002|12481.500000000002|8897813.000000002|2785884.9999999995|1485.0|5434.0|63138109.0|12|48|47|6|4|12,74;13,74;43,28;45,36;47,46;47,47;48,46;48,47;59,39;60,39;74,52;75,52
A_des:2018-04-28|A_des|A_des|2018-04-28|DESCENDING|80|80|4905893.0|9170.5|4905893.0|1601460.9999999998|-8069.0|-3992.0|16973739.0|5|1|71|1|5|0,70;0,71;0,72;1,71;1,72
A_asc:2018-04-30|A_asc|A_asc|2018-04-30|ASCENDING|80|80|6524073.000000001|10216.5|6524073.000000001|2130847.999999999|-1895.0|6318.0|60796779.0|16|41|29|5|12|6,8;37,33;38,28;38,29;39,28;39,29;40,29;41,28;41,29;42,28;42,29;43,28;44,29;44,36;45,29;72,68
A_des:2018-05-04|A_des|A_des|2018-05-04|DESCENDING|80|80|6037450.0|9061.0|6037450.0|5290514.000000001|4560.0|-1348.0|11327964.0|2|0|69|1|2|0,69;0,70
A_asc:2018-05-06|A_asc|A_asc|2018-05-06|ASCENDING|80|80|26298099.999999993|14977.999999999998|26298099.999999993|12783183.999999998|-4865.0|13081.0|67578850.0|4|48|47|3|2|45,36;47,47;48,47;55,38
A_des:2018-05-10|A_des|A_des|2018-05-10|DESCENDING|80|80|6019044.999999999|8841.0|6019044.999999999|2212601.0|-5124.0|8235.0|19878209.0|5|0|71|1|5|0,70;0,71;0,72;1,70;1,71
A_asc:2018-05-12|A_asc|A_asc|2018-05-12|ASCENDING|80|80|6568789.000000002|10390.0|6568789.000000002|2266916.0|545.0|-5504.0|54905667.0|16|40|28|5|8|4,8;35,33;36,28;36,29;37,28;37,29;39,28;39,29;40,28;40,29;41,28;41,29;42,29;42,36;43,29;43,36
A_des:2018-05-16|A_des|A_des|2018-05-16|DESCENDING|80|80|1085177.0000000002|5549.0|1085177.0000000002|326676.9999999999|-483.0|-960.0|9027323.0|19|7|55|10|5|0,46;3,56;5,58;5,61;6,55;6,58;7,55;8,55;23,33;24,33;35,51;39,2;40,2;40,3;40,4;41,4;79,68;79,74;79,75
A_asc:2018-05-18|A_asc|A_asc|2018-05-18|ASCENDING|80|80|9099044.0|12773.0|9099044.0|2821860.0000000005|-8954.0|8142.0|57433608.0|11|48|47|5|4|12,74;13,74;44,36;45,36;47,46;47,47;48,46;48,47;59,39;60,39;74,52
A_des:2018-05-22|A_des|A_des|2018-05-22|DESCENDING|80|80|4621088.000000001|10853.000000000002|4621088.000000001|1634221.0|-3602.0|7303.0|26423819.0|10|1|71|5|5|0,70;0,71;0,72;1,53;1,71;1,72;18,15;21,16;22,16;36,25
A_asc:2018-05-24|A_asc|A_asc|2018-05-24|ASCENDING|80|80|5992618.0|10382.5|5992618.0|1821161.0000000002|-915.0|-604.0|45578197.0|14|41|29|4|10|37,33;38,29;38,33;39,29;40,29;41,29;42,28;42,29;43,28;43,29;44,29;44,37;45,29;72,68
A_des:2018-05-28|A_des|A_des|2018-05-28|DESCENDING|80|80|773081.9999999999|5815.499999999999|773081.9999999999|240915.99999999997|396.0|633.0|10997809.0|31|79|69|15|5|0,46;1,57;2,57;5,62;6,55;6,56;7,56;19,73;22,34;23,34;33,52;34,52;35,52;38,72;39,3;39,4;39,5;40,4;40,5;53,78;78,59;78,69;78,74;78,75;78,76;79,61;79,65;79,68;79,69;79,74;79,75
A_asc:2018-05-30|A_asc|A_asc|2018-05-30|ASCENDING|80|80|6784849.000000001|13493.0|6784849.000000001|2117105.0|-3955.0|4558.0|46841481.0|14|48|47|6|4|13,74;13,75;14,75;45,36;45,37;47,47;48,47;49,47;51,71;55,77;74,52;74,53;75,52;75,53
A_des:2018-06-03|A_des|A_des|2018-06-03|DESCENDING|80|80|4594179.999999999|8864.999999999998|4594179.999999999|1386451.9999999998|5067.0|1567.0|9995170.0|3|0|71|2|2|0,53;0,71;0,72
A_asc:2018-06-05|A_asc|A_asc|2018-06-05|ASCENDING|80|80|7836711.999999999|10908.0|7836711.999999999|2497924.0000000005|5025.0|545.0|39001818.0|10|41|29|3|7|37,29;38,29;40,29;41,28;41,29;42,28;42,29;43,29;44,29;44,37
A_des:2018-06-09|A_des|A_des|2018-06-09|DESCENDING|80|80|1643954.0000000002|5476.0|1643954.0000000002|515449.9999999998|-2102.0|-51.0|5955871.0|7|7|55|5|3|0,46;2,57;6,55;7,55;7,56;40,4;79,75
A_asc:2018-06-11|A_asc|A_asc|2018-06-11|ASCENDING|80|80|7185469.0|12814.5|7185469.0|2184409.9999999995|-7929.0|6986.0|54114083.0|12|48|47|6|4|12,74;13,74;44,36;45,36;47,46;47,47;48,46;48,47;59,39;60,39;61,79;74,52
A_asc:2018-06-17|A_asc|A_asc|2018-06-17|ASCENDING|80|80|6381177.999999999|10566.499999999998|6381177.999999999|1938500.0000000005|-6601.0|4826.0|40181429.0|13|41|28|5|7|36,33;38,28;38,29;40,28;40,29;41,28;41,29;42,28;43,29;43,36;44,29;44,36;72,70
A_des:2018-06-21|A_des|A_des|2018-06-21|DESCENDING|80|80|748325.0|5563.0|748325.0|237792.99999999997|1465.0|-1800.0|7450767.0|20|58|31|10|3|6,55;6,56;7,56;12,71;13,71;18,73;19,73;20,73;22,34;23,34;25,57;34,52;39,4;57,31;58,31;78,69;78,74;78,75;79,69;79,74
A_asc:2018-06-23|A_asc|A_asc|2018-06-23|ASCENDING|80|80|8878313.000000002|12953.0|8878313.000000002|2776068.9999999995|-2627.0|7295.0|52349038.0|13|48|47|7|3|13,74;13,75;33,12;45,36;45,37;46,36;48,47;49,47;51,72;52,72;60,39;74,52;75,52
A_des:2018-06-27|A_des|A_des|2018-06-27|DESCENDING|80|80|3650259.9999999986|8845.0|3650259.9999999986|1213290.0000000002|-6417.0|-6080.0|13914225.0|6|0|70|2|5|0,70;0,71;0,72;1,70;1,71;79,24
A_des:2018-07-03|A_des|A_des|2018-07-03|DESCENDING|80|80|1145261.0|5409.5|1145261.0|410599.9999999999|-1529.0|-111.0|4873228.0|8|0|44|7|2|0,44;6,56;7,56;23,34;34,52;40,5;79,69;79,75
A_asc:2018-07-05|A_asc|A_asc|2018-07-05|ASCENDING|80|80|10560132.999999998|12411.5|10560132.999999998|3270053.0000000005|-12038.0|5359.0|43580367.0|8|48|46|4|4|13,74;45,36;47,46;48,46;48,47;49,46;74,52;75,52
A_des:2018-07-09|A_des|A_des|2018-07-09|DESCENDING|80|80|5339964.999999999|8818.0|5339964.999999999|1895636.0|4033.0|-3648.0|10490705.0|3|0|71|1|3|0,71;0,72;1,71
A_asc:2018-07-11|A_asc|A_asc|2018-07-11|ASCENDING|80|80|7341544.999999999|11637.0|7341544.999999999|2506147.9999999995|-271.0|-3688.0|41952393.0|11|41|29|5|7|37,33;38,29;40,29;41,28;41,29;42,28;42,29;43,29;44,29;44,36;71,68
A_des:2018-07-15|A_des|A_des|2018-07-15|DESCENDING|80|80|1082769.9999999998|5260.499999999998|1082769.9999999998|329625.0|76.0|2185.0|6654357.0|14|7|56|9|3|0,46;1,66;6,56;7,55;7,56;19,73;23,34;35,52;39,2;40,4;40,5;41,5;79,74;79,75
A_asc:2018-07-17|A_asc|A_asc|2018-07-17|ASCENDING|80|80|11304233.000000002|13623.0|11304233.000000002|3562000.9999999995|-8184.0|-7593.0|49962211.0|8|48|46|4|3|13,74;45,35;45,36;47,46;48,46;51,70;51,71;52,70
A_des:2018-07-21|A_des|A_des|2018-07-21|DESCENDING|80|80|5038229.000000001|8608.999999999998|5038229.000000001|1796812.9999999995|-1135.0|7464.0|14735541.0|5|1|71|1|5|0,71;0,72;0,73;1,70;1,71
A_asc:2018-07-23|A_asc|A_asc|2018-07-23|ASCENDING|80|80|6789553.000000001|10479.5|6789553.000000001|2300993.0|-5868.0|-5404.0|36931960.0|11|41|29|4|5|36,34;37,29;37,33;38,29;40,29;41,29;42,29;43,29;43,30;43,37;44,37
A_des:2018-07-27|A_des|A_des|2018-07-27|DESCENDING|80|80|706873.9999999999|5862.5|706873.9999999999|212866.0|-835.0|-4317.0|12139706.0|34|79|68|12|6|0,46;4,67;6,55;6,56;7,55;7,56;18,72;18,73;19,73;20,73;22,33;23,33;23,34;34,51;34,52;38,2;38,71;39,2;39,3;39,4;39,71;40,3;40,4;43,50;44,50;44,51;78,74;78,75;78,79;79,66;79,67;79,68;79,69;79,74
A_asc:2018-07-29|A_asc|A_asc|2018-07-29|ASCENDING|80|80|18944946.0|13901.000000000002|18944946.0|5833896.999999999|-8453.0|807.0|48150914.0|5|65|69|4|2|13,74;45,36;51,71;64,69;65,69
A_des:2018-08-02|A_des|A_des|2018-08-02|DESCENDING|80|80|4647089.000000002|8649.5|4647089.000000002|1397860.0000000005|-7907.0|4638.0|15790583.0|6|1|71|1|6|0,71;0,72;0,73;1,71;1,72;1,73
A_asc:2018-08-04|A_asc|A_asc|2018-08-04|ASCENDING|80|80|9548179.999999996|11145.0|9548179.999999996|3062020.0|5884.0|-6558.0|39847810.0|9|41|29|3|6|38,29;40,29;41,29;41,30;42,29;43,29;43,30;43,37;44,37
A_des:2018-08-08|A_des|A_des|2018-08-08|DESCENDING|80|80|666319.9999999999|5579.5|666319.9999999999|202024.00000000003|-2615.0|726.0|11236867.0|34|79|69|12|7|0,46;6,55;6,56;12,71;13,71;18,73;19,73;20,73;22,34;23,34;33,52;34,52;36,47;37,47;37,48;38,2;38,71;39,3;39,4;39,5;40,4;40,5;77,75;78,69;78,74;78,75;78,76;78,79;79,67;79,68;79,69;79,74;79,75;79,76
A_asc:2018-08-10|A_asc|A_asc|2018-08-10|ASCENDING|80|80|19367962.0|14108.0|19367962.0|6034373.0|-5833.0|-18607.0|72632464.0|7|55|38|4|3|48,47;51,71;54,38;55,38;64,69;64,70;65,70
A_des:2018-08-14|A_des|A_des|2018-08-14|DESCENDING|80|80|3078772.0000000005|8020.000000000002|3078772.0000000005|948788.0000000001|4952.0|5748.0|14070218.0|7|1|71|3|5|0,71;0,72;0,73;1,71;1,73;44,45;79,25
A_asc:2018-08-16|A_asc|A_asc|2018-08-16|ASCENDING|80|80|6508561.0|10309.0|6508561.0|2152274.0|-8627.0|-1823.0|51015940.0|15|41|28|7|7|4,24;10,73;36,33;37,33;38,28;38,29;40,28;40,29;41,28;41,29;42,28;43,29;44,29;44,36;71,68
A_des:2018-08-20|A_des|A_des|2018-08-20|DESCENDING|80|80|513961.0000000001|5100.5|513961.0000000001|157300.0|-1390.0|62.0|10018322.0|41|79|75|19|7|0,46;0,47;1,46;1,66;3,59;4,54;6,55;6,62;6,69;7,55;7,56;13,71;14,71;19,73;20,73;21,73;23,33;23,34;24,34;26,57;34,52;35,51;35,52;38,21;39,2;39,3;40,3;40,4;40,5;41,4;41,5;42,53;71,32;72,32;72,33;78,75;78,77;79,69;79,70;79,74;79,75
A_asc:2018-08-22|A_asc|A_asc|2018-08-22|ASCENDING|80|80|9124697.0|13764.999999999998|9124697.0|3014757.0000000005|11085.0|579.0|69247150.0|13|26|64|7|4|13,74;25,63;25,64;26,63;26,64;45,36;46,36;51,71;52,71;60,39;63,75;74,52;75,52
A_des:2018-08-26|A_des|A_des|2018-08-26|DESCENDING|80|80|5922184.999999999|8909.0|5922184.999999999|1809914.0000000005|9473.0|-179.0|22506648.0|6|2|71|1|6|0,70;0,71;1,71;1,72;2,71;2,72
A_asc:2018-08-28|A_asc|A_asc|2018-08-28|ASCENDING|80|80|7461496.999999999|10844.999999999998|7461496.999999999|2340749.0|-5855.0|5191.0|49769042.0|15|41|28|6|6|4,24;10,72;10,73;11,73;36,33;37,33;38,28;38,29;40,28;40,29;41,28;41,29;42,28;43,29;44,36
A_des:2018-09-01|A_des|A_des|2018-09-01|DESCENDING|80|80|6039325.0|5882.0|6039325.0|3242952.0|-2484.0|-3391.0|9282277.0|2|7|55|1|2|7,55;8,55
A_asc:2018-09-03|A_asc|A_asc|2018-09-03|ASCENDING|80|80|6479145.000000001|13699.0|6479145.000000001|2164010.0|-7101.0|-4387.0|60431870.0|16|51|71|9|3|12,74;13,74;25,15;26,15;43,27;44,36;45,36;47,46;48,46;48,47;50,71;51,71;59,39;73,52;74,52;74,60
A_des:2018-09-07|A_des|A_des|2018-09-07|DESCENDING|80|80|5729649.999999998|8320.5|5729649.999999998|1859749.0000000002|6893.0|-4557.0|14607702.0|5|1|71|1|5|0,71;0,72;1,71;1,72;2,71
A_asc:2018-09-09|A_asc|A_asc|2018-09-09|ASCENDING|80|80|6967144.000000001|10631.5|6967144.000000001|2447464.0000000005|3031.0|37.0|53928000.0|13|41|29|7|6|4,24;10,73;11,73;37,33;38,29;40,29;41,28;41,29;42,28;43,29;44,29;44,36;71,68
A_des:2018-09-13|A_des|A_des|2018-09-13|DESCENDING|80|80|953476.0000000002|5331.5|953476.0000000002|293418.0|3809.0|118.0|8777235.0|17|6|55|11|2|0,46;0,47;6,55;7,55;7,68;19,72;22,36;23,33;24,33;24,36;25,36;34,51;35,51;40,4;79,69;79,74;79,75
